Gene_set,Term,Overlap,P-value,Adjusted P-value,Old P-value,Old Adjusted P-value,Odds Ratio,Combined Score,Genes
GO_Biological_Process_2023,Detection Of Chemical Stimulus Involved In Sensory Perception Of Taste (GO:0050912),13/45,1.591764220648854e-07,0.00026311862567325557,0,0,7.916869866529774,123.92476443260377,TAS2R60;TAS2R7;TAS2R40;RTP3;TAS2R41;TAS2R42;TAS2R16;TAS2R38;TAS2R39;TAS1R2;TAS2R1;TAS2R3;TAS2R4
GO_Biological_Process_2023,Detection Of Chemical Stimulus Involved In Sensory Perception Of Bitter Taste (GO:0001580),12/41,4.0836870887985147e-07,0.00030093937301670743,0,0,8.0568700265252,118.52538336321678,TAS2R60;TAS2R7;TAS2R40;RTP3;TAS2R41;TAS2R42;TAS2R1;TAS2R16;TAS2R38;TAS2R3;TAS2R39;TAS2R4
GO_Biological_Process_2023,Sensory Perception Of Bitter Taste (GO:0050913),12/42,5.461694610103583e-07,0.00030093937301670743,0,0,7.7878974358974355,112.30410197402772,TAS2R60;TAS2R7;TAS2R40;RTP3;TAS2R41;TAS2R42;TAS2R1;TAS2R16;TAS2R38;TAS2R3;TAS2R39;TAS2R4
GO_Biological_Process_2023,Defense Response To Bacterium (GO:0042742),24/204,7.286914290143995e-05,0.03011317330402,0,0,2.60754586362063,24.841686025051978,WFDC12;CHGA;WFDC11;WFDC9;TRAV27;DEFB119;DEFB118;RNASE10;DEFB128;IL23R;DEFB135;RNASE12;DEFB110;WFDC5;CST11;NLRP10;IFNE;IL12B;IL12A;WFDC10A;EPPIN;LALBA;WFDC13;GALP
GO_Biological_Process_2023,Axoneme Assembly (GO:0035082),9/41,0.00014050274172160696,0.0464502064131632,0,0,5.458493098159509,48.41838156558529,CRNN;RP1L1;LRGUK;RP1;DNAAF3;JHY;PIERCE2;LRRC43;PIERCE1
GO_Biological_Process_2023,Regulation Of Acrosome Reaction (GO:0060046),5/12,0.00017154637279461998,0.0472610257049178,0,0,13.82455629909805,119.86798491495703,FAM170B;SPINK13;CCDC87;IQCF1;ZP2
GO_Biological_Process_2023,Regulation Of Tyrosine Phosphorylation Of STAT Protein (GO:0042509),11/65,0.0003093023960451661,0.0652646705102429,0,0,3.9569861870066783,31.977161682431937,IL21;TNFSF18;IL4;IL3;CSF2;IL23R;IL31RA;IL12B;IL12A;IL2;IL22RA2
GO_Biological_Process_2023,Positive Regulation Of Tyrosine Phosphorylation Of STAT Protein (GO:0042531),10/55,0.0003158604743387439,0.0652646705102429,0,0,4.31434095303082,34.77449400150495,IL21;TNFSF18;IL4;IL3;CSF2;IL23R;IL31RA;IL12B;IL12A;IL2
GO_Biological_Process_2023,Regulation Of NK T Cell Activation (GO:0051133),3/5,0.0011116679692666,0.2041763503553151,0,0,28.98018292682927,197.1201241538669,IL23R;IL12B;IL12A
GO_Biological_Process_2023,Positive Regulation Of Adaptive Immune Response Based On Somatic Recombination Of Immune Receptors Built From Immunoglobulin Superfamily Domains (GO:0002824),4/14,0.0039644076123327,0.2849202514428716,0,0,7.73265513733469,42.76466699592012,NLRP10;IL23R;CLEC6A;IL12B
GO_Biological_Process_2023,Mitotic intra-S DNA Damage Checkpoint Signaling (GO:0031573),4/14,0.0039644076123327,0.2849202514428716,0,0,7.73265513733469,42.76466699592012,EME1;EME2;HUS1B;RAD9B
GO_Biological_Process_2023,Resolution Of Meiotic Recombination Intermediates (GO:0000712),4/14,0.0039644076123327,0.2849202514428716,0,0,7.73265513733469,42.76466699592012,SLX4;EME1;EME2;CENPS
GO_Biological_Process_2023,Homologous Chromosome Segregation (GO:0045143),5/22,0.003778640929385,0.2849202514428716,0,0,5.6894692703965495,31.73808347006324,MAJIN;TERB1;IHO1;KASH5;MEIKIN
GO_Biological_Process_2023,Defense Response To Gram-negative Bacterium (GO:0050829),10/75,0.0036850551192726,0.2849202514428716,0,0,2.983702070703094,16.71908443258962,CHGA;DEFB119;CST11;DEFB118;NLRP10;DEFB128;IL23R;IL12B;DEFB135;GALP
GO_Biological_Process_2023,Positive Regulation Of Meiotic Nuclear Division (GO:0045836),3/7,0.0036107254994008,0.2849202514428716,0,0,14.488567073170731,81.48147805706459,PRDM7;STRA8;NPM2
GO_Biological_Process_2023,Positive Regulation Of Tooth Mineralization (GO:0070172),3/7,0.0036107254994008,0.2849202514428716,0,0,14.488567073170731,81.48147805706459,ENAM;AMTN;ODAPH
GO_Biological_Process_2023,Microtubule Bundle Formation (GO:0001578),8/51,0.0032952561951349,0.2849202514428716,0,0,3.605007482718483,20.603596023446965,RP1L1;LRGUK;RP1;JHY;PIERCE2;LRRC43;GAS2L2;PIERCE1
GO_Biological_Process_2023,Homologous Chromosome Pairing At Meiosis (GO:0007129),6/30,0.0030486368108295,0.2849202514428716,0,0,4.839194699286442,28.033748804081817,MAJIN;TERB1;SYCE1;IHO1;KASH5;TEX15
GO_Biological_Process_2023,Regulation Of T-helper 17 Type Immune Response (GO:2000316),4/13,0.0029457669025609,0.2849202514428716,0,0,8.592291172148752,50.07059803580533,NLRP10;IL23R;CLEC6A;IL12B
GO_Biological_Process_2023,Positive Regulation Of T-helper 17 Type Immune Response (GO:2000318),4/13,0.0029457669025609,0.2849202514428716,0,0,8.592291172148752,50.07059803580533,NLRP10;IL23R;CLEC6A;IL12B
GO_Biological_Process_2023,Regulation Of Flagellated Sperm Motility (GO:1901317),4/13,0.0029457669025609,0.2849202514428716,0,0,8.592291172148752,50.07059803580533,RNASE10;TEX101;TAC4;EPPIN
GO_Biological_Process_2023,Anterior/Posterior Axis Specification (GO:0009948),5/20,0.0024145539959603,0.2849202514428716,0,0,6.448744059742023,38.86168385024595,MESP2;RIPPLY1;MESP1;RIPPLY2;CER1
GO_Biological_Process_2023,Regulation Of Meiotic Nuclear Division (GO:0040020),3/7,0.0036107254994008,0.2849202514428716,0,0,14.488567073170731,81.48147805706459,NPM2;WEE2;FBXO43
GO_Biological_Process_2023,Female Gamete Generation (GO:0007292),6/32,0.0042784564262189,0.2946786863558314,0,0,4.466478475652788,24.360901564115604,STRA8;MEIOSIN;IHO1;NANOS3;HROB;BMP15
GO_Biological_Process_2023,Regulation Of T-helper 1 Type Immune Response (GO:0002825),3/8,0.0055661361167567,0.3286008214642476,0,0,11.590243902439024,60.165583838345555,NLRP10;IL23R;IL12B
GO_Biological_Process_2023,Positive Regulation Of NK T Cell Activation (GO:0051135),3/8,0.0055661361167567,0.3286008214642476,0,0,11.590243902439024,60.165583838345555,IL23R;IL12B;IL12A
GO_Biological_Process_2023,Oogenesis (GO:0048477),4/15,0.0051970956300561,0.3286008214642476,0,0,7.029316563395913,36.97178241407397,STRA8;MEIOSIN;IHO1;NANOS3
GO_Biological_Process_2023,Positive Regulation Of Reproductive Process (GO:2000243),6/33,0.005014868322521,0.3286008214642476,0,0,4.300826820704496,22.77437519640451,RNASE10;ANKRD31;FAM170B;TAC4;CCDC87;IQCF1
GO_Biological_Process_2023,Development Of Primary Male Sexual Characteristics (GO:0046546),7/46,0.0069334639419368,0.3820338632007203,0,0,3.475091575091575,17.276055464130604,ADAM2;ADAM29;ZFP42;ADAM21;ADAM32;NR0B1;ADAM30
GO_Biological_Process_2023,Male Gonad Development (GO:0008584),7/46,0.0069334639419368,0.3820338632007203,0,0,3.475091575091575,17.276055464130604,ADAM2;ADAM29;ZFP42;ADAM21;ADAM32;NR0B1;ADAM30
GO_Biological_Process_2023,Positive Regulation Of Leukocyte Proliferation (GO:0070665),4/17,0.0083766368166144,0.4072523722901065,0,0,5.947257218874716,28.441620412228968,CSF2;OCSTAMP;IL12B;IL12A
GO_Biological_Process_2023,Myeloid Dendritic Cell Differentiation (GO:0043011),3/9,0.0080450276863866,0.4072523722901065,0,0,9.658028455284551,46.5777840408363,IL4;CSF2;UBD
GO_Biological_Process_2023,Positive Regulation Of Acrosome Reaction (GO:2000344),3/9,0.0080450276863866,0.4072523722901065,0,0,9.658028455284551,46.5777840408363,FAM170B;CCDC87;IQCF1
GO_Biological_Process_2023,Embryonic Axis Specification (GO:0000578),4/17,0.0083766368166144,0.4072523722901065,0,0,5.947257218874716,28.441620412228968,MESP2;RIPPLY1;MESP1;RIPPLY2
GO_Biological_Process_2023,Positive Regulation Of Osteoclast Differentiation (GO:0045672),4/18,0.010356084240708,0.4891030642825847,0,0,5.5221624763842465,25.23728248485078,IL23R;OCSTAMP;IL12B;IL17A
GO_Biological_Process_2023,Negative Regulation Of Activin Receptor Signaling Pathway (GO:0032926),3/10,0.0110752993326805,0.5085408276922494,0,0,8.27787456445993,37.275583190188144,DACT2;CER1;DAND5
GO_Biological_Process_2023,Positive Regulation Of Peptidyl-Tyrosine Phosphorylation (GO:0050731),13/130,0.0120575782695701,0.5386804562053905,0,0,2.155601186402008,9.523579504887056,TNFSF18;IL21;ANGPT4;CSF2;IL23R;IL31RA;IL2;IL4;IL3;IL5;CLEC6A;IL12B;IL12A
GO_Biological_Process_2023,Positive Regulation Of Activated T Cell Proliferation (GO:0042104),4/19,0.0126145697037342,0.5487337821124381,0,0,5.153747032892506,22.536834868564803,IL23R;IL12B;FADD;IL2
GO_Biological_Process_2023,Gonad Development (GO:0008406),7/53,0.0148456809140684,0.6292284756655175,0,0,2.9451863354037267,12.399370844706803,ADAM2;ADAM29;ZFP42;ADAM21;ADAM32;NR0B1;ADAM30
GO_Biological_Process_2023,Cytokine-Mediated Signaling Pathway (GO:0019221),21/257,0.016605592083048,0.6862260928319595,0,0,1.7296425939572586,7.088102622826202,TNFSF18;CXCL6;CSF2;IFNB1;IL23R;IL31RA;IL2;IL4;IL3;IL1RL1;IL36A;IL5;IL36B;IFNE;IFNK;IL12B;IL12A;IL17F;IL13RA2;IL9R;IL17A
GO_Biological_Process_2023,Positive Regulation Of Podosome Assembly (GO:0071803),2/5,0.0220210679724257,0.7280165071683946,0,0,12.8663282571912,49.09476472609455,CSF2;IL5
GO_Biological_Process_2023,Positive Regulation Of Natural Killer Cell Mediated Immune Response To Tumor Cell (GO:0002857),2/5,0.0220210679724257,0.7280165071683946,0,0,12.8663282571912,49.09476472609455,IL12B;IL12A
GO_Biological_Process_2023,Positive Regulation Of Natural Killer Cell Mediated Cytotoxicity Directed Against Tumor Cell Target (GO:0002860),2/5,0.0220210679724257,0.7280165071683946,0,0,12.8663282571912,49.09476472609455,IL12B;IL12A
GO_Biological_Process_2023,Histamine Metabolic Process (GO:0001692),2/5,0.0220210679724257,0.7280165071683946,0,0,12.8663282571912,49.09476472609455,PRG3;TRH
GO_Biological_Process_2023,Photoreceptor Cell Differentiation (GO:0046530),2/5,0.0220210679724257,0.7280165071683946,0,0,12.8663282571912,49.09476472609455,RP1L1;RP1
GO_Biological_Process_2023,Regulation Of Enamel Mineralization (GO:0070173),2/5,0.0220210679724257,0.7280165071683946,0,0,12.8663282571912,49.09476472609455,ENAM;ODAPH
GO_Biological_Process_2023,DNA Methylation Involved In Embryo Development (GO:0043045),2/5,0.0220210679724257,0.7280165071683946,0,0,12.8663282571912,49.09476472609455,ZFP57;STPG4
GO_Biological_Process_2023,Peptidyl-Glutamic Acid Modification (GO:0018200),4/22,0.021181078962351,0.7280165071683946,0,0,4.294110998078445,16.552282066090935,TTLL6;TTLL10;TTLL2;TTLL8
GO_Biological_Process_2023,Positive Regulation Of T-helper 1 Type Immune Response (GO:0002827),3/12,0.0188617043623974,0.7280165071683946,0,0,6.437669376693767,25.561549317006865,NLRP10;IL23R;IL12B
GO_Biological_Process_2023,Response To DNA Damage Checkpoint Signaling (GO:0072423),2/5,0.0220210679724257,0.7280165071683946,0,0,12.8663282571912,49.09476472609455,SLX4;EME1
GO_Biological_Process_2023,Myeloid Dendritic Cell Activation (GO:0001773),3/13,0.0236364960904763,0.7655596826567492,0,0,5.79359756097561,21.69681033904109,IL4;CSF2;UBD
GO_Biological_Process_2023,Defense Response To Gram-positive Bacterium (GO:0050830),9/85,0.024105820867674,0.7655596826567492,0,0,2.292985146916371,8.542062011315013,CHGA;TRAV27;DEFB119;DEFB118;DEFB128;RNASE10;DEFB135;IL12A;RNASE12
GO_Biological_Process_2023,Regulation Of Interleukin-17 Production (GO:0032660),5/34,0.0245460757294662,0.7655596826567492,0,0,3.3330992344968045,12.356476433376027,IL21;IL23R;IL12B;IL12A;IL2
GO_Biological_Process_2023,Positive Regulation Of Flagellated Sperm Motility (GO:1902093),2/6,0.0319607743016794,0.8427501309421208,0,0,9.649238578680205,33.224701474890985,RNASE10;TAC4
GO_Biological_Process_2023,Antibacterial Humoral Response (GO:0019731),6/49,0.0326291641744075,0.8427501309421208,0,0,2.698243368181495,9.234869558582927,WFDC12;WFDC9;WFDC11;WFDC10A;WFDC5;WFDC13
GO_Biological_Process_2023,Cilium Assembly (GO:0060271),19/243,0.0325524028704423,0.8427501309421208,0,0,1.6463944436245572,5.638743067258915,LRGUK;DNAAF3;FBF1;PLA2G3;LRRC43;RP1L1;RPGRIP1;RP1;BBS10;UBXN10;ARL13A;WDR90;TCTN2;NME8;IQUB;JHY;PIERCE2;TTLL8;PIERCE1
GO_Biological_Process_2023,Positive Regulation Of Interleukin-23 Production (GO:0032747),2/6,0.0319607743016794,0.8427501309421208,0,0,9.649238578680205,33.224701474890985,CSF2;IL17A
GO_Biological_Process_2023,Positive Regulation Of Cilium-Dependent Cell Motility (GO:2000155),2/6,0.0319607743016794,0.8427501309421208,0,0,9.649238578680205,33.224701474890985,RNASE10;TAC4
GO_Biological_Process_2023,Positive Regulation Of Interleukin-17 Production (GO:0032740),4/24,0.0284732951365136,0.8427501309421208,0,0,3.864292980671414,13.752201975667925,IL21;IL23R;IL12B;IL2
GO_Biological_Process_2023,Positive Regulation Of Activation Of Janus Kinase Activity (GO:0010536),2/6,0.0319607743016794,0.8427501309421208,0,0,9.649238578680205,33.224701474890985,IL23R;IL12B
GO_Biological_Process_2023,Negative Regulation Of Blood Vessel Endothelial Cell Proliferation Involved In Sprouting Angiogenesis (GO:1903588),2/6,0.0319607743016794,0.8427501309421208,0,0,9.649238578680205,33.224701474890985,IL12B;IL12A
GO_Biological_Process_2023,Retinal Rod Cell Differentiation (GO:0060221),2/6,0.0319607743016794,0.8427501309421208,0,0,9.649238578680205,33.224701474890985,RPGRIP1;RP1
GO_Biological_Process_2023,Photoreceptor Cell Development (GO:0042461),3/14,0.0290016216221429,0.8427501309421208,0,0,5.266629711751663,18.645994436139905,RP1L1;RP1;PCARE
GO_Biological_Process_2023,Positive Regulation Of Cilium Movement (GO:0003353),2/6,0.0319607743016794,0.8427501309421208,0,0,9.649238578680205,33.224701474890985,RNASE10;TAC4
GO_Biological_Process_2023,Axonemal Dynein Complex Assembly (GO:0070286),5/37,0.0340964821713988,0.8670997696818804,0,0,3.0201438391038695,10.203740376868348,CRNN;CFAP100;CFAP73;DNAAF3;DNAAF8
GO_Biological_Process_2023,Regulation Of Granulocyte Macrophage Colony-Stimulating Factor Production (GO:0032645),3/15,0.0349527635177699,0.8754078499223292,0,0,4.827489837398374,16.190231420557975,IL23R;IL12B;IL17F
GO_Biological_Process_2023,Cardiac Muscle Cell Development (GO:0055013),4/26,0.0370836594407248,0.9149147620226594,0,0,3.512623693702025,11.57261573888792,NKX2-6;ADPRHL1;ALPK2;MYLK3
GO_Biological_Process_2023,Negative Regulation Of T Cell Apoptotic Process (GO:0070233),2/7,0.04330081685098,0.9543500033956008,0,0,7.718984771573604,24.234399380978452,PTCRA;FADD
GO_Biological_Process_2023,Regulation Of Activation Of Janus Kinase Activity (GO:0010533),2/7,0.04330081685098,0.9543500033956008,0,0,7.718984771573604,24.234399380978452,IL23R;IL12B
GO_Biological_Process_2023,Positive Regulation Of Natural Killer Cell Proliferation (GO:0032819),2/7,0.04330081685098,0.9543500033956008,0,0,7.718984771573604,24.234399380978452,IL23R;IL12B
GO_Biological_Process_2023,Telomeric D-loop Disassembly (GO:0061820),2/7,0.04330081685098,0.9543500033956008,0,0,7.718984771573604,24.234399380978452,RECQL4;SLX4
GO_Biological_Process_2023,NADH Metabolic Process (GO:0006734),2/7,0.04330081685098,0.9543500033956008,0,0,7.718984771573604,24.234399380978452,NUDT17;MDH1B
GO_Biological_Process_2023,T Cell Activation Involved In Immune Response (GO:0002286),4/27,0.0418897921240615,0.9543500033956008,0,0,3.359724003715334,10.659440380674017,TNFSF18;IFNB1;IFNE;IFNK
GO_Biological_Process_2023,Antifungal Innate Immune Response (GO:0061760),3/16,0.0414813729155748,0.9543500033956008,0,0,4.455909943714822,14.180981510407332,DEFB119;CLEC6A;DEFB135
GO_Biological_Process_2023,Regulation Of Natural Killer Cell Mediated Cytotoxicity Directed Against Tumor Cell Target (GO:0002858),2/7,0.04330081685098,0.9543500033956008,0,0,7.718984771573604,24.234399380978452,IL12B;IL12A
GO_Biological_Process_2023,Positive Regulation Of Natural Killer Cell Activation (GO:0032816),3/18,0.0562190986092088,0.9886188297981084,0,0,3.861382113821138,11.114983575969203,IL23R;IL12B;IL12A
GO_Biological_Process_2023,Regulation Of Peptidyl-Serine Phosphorylation Of STAT Protein (GO:0033139),3/18,0.0562190986092088,0.9886188297981084,0,0,3.861382113821138,11.114983575969203,IFNB1;IFNE;IFNK
GO_Biological_Process_2023,Regulation Of Lymphocyte Proliferation (GO:0050670),3/18,0.0562190986092088,0.9886188297981084,0,0,3.861382113821138,11.114983575969203,TNFSF18;IL12B;IL12A
GO_Biological_Process_2023,T-helper Cell Differentiation (GO:0042093),3/18,0.0562190986092088,0.9886188297981084,0,0,3.861382113821138,11.114983575969203,IL21;IL4;IL12B
GO_Biological_Process_2023,Regulation Of DNA Demethylation (GO:1901535),2/8,0.0558790647543054,0.9886188297981084,0,0,6.432148900169205,18.553954688741335,DPPA3;STPG4
GO_Biological_Process_2023,Positive Regulation Of Smooth Muscle Cell Apoptotic Process (GO:0034393),2/8,0.0558790647543054,0.9886188297981084,0,0,6.432148900169205,18.553954688741335,IL12B;IL12A
GO_Biological_Process_2023,Positive Regulation Of Mast Cell Degranulation (GO:0043306),2/8,0.0558790647543054,0.9886188297981084,0,0,6.432148900169205,18.553954688741335,IL4;PLA2G3
GO_Biological_Process_2023,Positive Regulation Of Blood Pressure (GO:0045777),2/8,0.0558790647543054,0.9886188297981084,0,0,6.432148900169205,18.553954688741335,TAC3;QRFP
GO_Biological_Process_2023,Regulation Of Podosome Assembly (GO:0071801),2/8,0.0558790647543054,0.9886188297981084,0,0,6.432148900169205,18.553954688741335,CSF2;IL5
GO_Biological_Process_2023,Positive Regulation Of Memory T Cell Differentiation (GO:0043382),2/8,0.0558790647543054,0.9886188297981084,0,0,6.432148900169205,18.553954688741335,IL23R;IL12B
GO_Biological_Process_2023,Regulation Of Glucan Biosynthetic Process (GO:0010962),2/8,0.0558790647543054,0.9886188297981084,0,0,6.432148900169205,18.553954688741335,PPP1R3G;PPP1R3A
GO_Biological_Process_2023,Regulation Of Fertilization (GO:0080154),2/8,0.0558790647543054,0.9886188297981084,0,0,6.432148900169205,18.553954688741335,RNASE10;FAM170B
GO_Biological_Process_2023,Regulation Of Osteoclast Differentiation (GO:0045670),5/42,0.0545302345758327,0.9886188297981084,0,0,2.611328232509495,7.59635374553265,IL4;IL23R;OCSTAMP;IL12B;IL17A
GO_Biological_Process_2023,Organic Cyclic Compound Biosynthetic Process (GO:1901362),4/29,0.0525048858680672,0.9886188297981084,0,0,3.090620549338759,9.107592228372916,NOXRED1;HSD17B1;PRG3;CYP17A1
GO_Biological_Process_2023,Defense Response To Fungus (GO:0050832),4/29,0.0525048858680672,0.9886188297981084,0,0,3.090620549338759,9.107592228372916,DEFB119;NLRP10;CLEC6A;DEFB135
GO_Biological_Process_2023,Positive Regulation Of Peptidyl-Serine Phosphorylation Of STAT Protein (GO:0033141),3/17,0.0485752548716304,0.9886188297981084,0,0,4.137412891986063,12.5141888191255,IFNB1;IFNE;IFNK
GO_Biological_Process_2023,DNA Replication Checkpoint Signaling (GO:0000076),3/17,0.0485752548716304,0.9886188297981084,0,0,4.137412891986063,12.5141888191255,HUS1B;RAD9B;TICRR
GO_Biological_Process_2023,Positive Regulation Of Myeloid Leukocyte Differentiation (GO:0002763),5/40,0.0456668154130191,0.9886188297981084,0,0,2.7608379400640093,8.521004345809013,IL23R;OCSTAMP;IL12B;FADD;IL17A
GO_Biological_Process_2023,Regulation Of Interleukin-23 Production (GO:0032667),2/8,0.0558790647543054,0.9886188297981084,0,0,6.432148900169205,18.553954688741335,CSF2;IL17A
GO_Biological_Process_2023,Peptidyl-Tyrosine Phosphorylation (GO:0018108),2/67,0.849631477929145,0.9999960484735656,0,0,0.5918937914877002,0.0964506197504553,IL21;IL4
GO_Biological_Process_2023,Negative Regulation Of Response To External Stimulus (GO:0032102),5/146,0.8525757677529016,0.9999960484735656,0,0,0.6814866172668314,0.1086924790581975,IL4;DEFB118;IL13;GPR31;TRIM65
GO_Biological_Process_2023,Positive Regulation Of Transmembrane Receptor Protein Serine/Threonine Kinase Signaling Pathway (GO:0090100),3/95,0.8539543302235374,0.9999960484735656,0,0,0.627021474019088,0.0989926229650163,GDF1;GDF3;BMP15
GO_Biological_Process_2023,Tumor Necrosis Factor-Mediated Signaling Pathway (GO:0033209),1/38,0.854120255695998,0.9999960484735656,0,0,0.5201469217696398,0.0820184729534543,TNFSF18
GO_Biological_Process_2023,Connective Tissue Development (GO:0061448),1/38,0.854120255695998,0.9999960484735656,0,0,0.5201469217696398,0.0820184729534543,IL17F
GO_Biological_Process_2023,Response To Peptide (GO:1901652),1/38,0.854120255695998,0.9999960484735656,0,0,0.5201469217696398,0.0820184729534543,PRLH
GO_Biological_Process_2023,Fatty Acid Transport (GO:0015908),1/38,0.854120255695998,0.9999960484735656,0,0,0.5201469217696398,0.0820184729534543,FABP7
GO_Biological_Process_2023,Regulation Of Intracellular Transport (GO:0032386),1/38,0.854120255695998,0.9999960484735656,0,0,0.5201469217696398,0.0820184729534543,PLA2G3
GO_Biological_Process_2023,Regulation Of Neurogenesis (GO:0050767),2/67,0.849631477929145,0.9999960484735656,0,0,0.5918937914877002,0.0964506197504553,KHDC3L;HES3
GO_Biological_Process_2023,Positive Regulation Of Phospholipase C Activity (GO:0010863),1/36,0.8385508912246147,0.9999960484735656,0,0,0.5499275572297885,0.0968312477903749,PTH
GO_Biological_Process_2023,Positive Regulation Of Protein Kinase Activity (GO:0045860),5/145,0.8484596769592406,0.9999960484735656,0,0,0.6863907477451265,0.1127964573052253,CALCA;BORA;IL23R;IL12B;STOX1
GO_Biological_Process_2023,Regulation Of Cellular Component Biogenesis (GO:0044087),1/37,0.8465326899868385,0.9999960484735656,0,0,0.5346236195627676,0.0890717488652275,BBS10
GO_Biological_Process_2023,Positive Regulation Of Receptor Signaling Pathway Via JAK-STAT (GO:0046427),1/37,0.8465326899868385,0.9999960484735656,0,0,0.5346236195627676,0.0890717488652275,IL4
GO_Biological_Process_2023,Negative Regulation Of Transferase Activity (GO:0051348),1/37,0.8465326899868385,0.9999960484735656,0,0,0.5346236195627676,0.0890717488652275,GDF1
GO_Biological_Process_2023,Negative Regulation Of Endothelial Cell Migration (GO:0010596),1/37,0.8465326899868385,0.9999960484735656,0,0,0.5346236195627676,0.0890717488652275,ANGPT4
GO_Biological_Process_2023,Ventricular Septum Development (GO:0003281),1/37,0.8465326899868385,0.9999960484735656,0,0,0.5346236195627676,0.0890717488652275,DAND5
GO_Biological_Process_2023,Regulation Of Sodium Ion Transmembrane Transporter Activity (GO:2000649),1/37,0.8465326899868385,0.9999960484735656,0,0,0.5346236195627676,0.0890717488652275,FXYD4
GO_Biological_Process_2023,RNA Stabilization (GO:0043489),1/37,0.8465326899868385,0.9999960484735656,0,0,0.5346236195627676,0.0890717488652275,ZAR1
GO_Biological_Process_2023,Regulation Of Cell Adhesion (GO:0030155),5/144,0.844248872827067,0.9999960484735656,0,0,0.6913654412518865,0.117053668901838,TNFSF18;DEFB118;DACT2;IL12B;IL12A
GO_Biological_Process_2023,Heart Looping (GO:0001947),1/38,0.854120255695998,0.9999960484735656,0,0,0.5201469217696398,0.0820184729534543,MESP1
GO_Biological_Process_2023,Sphingolipid Metabolic Process (GO:0006665),3/94,0.8489613641743241,0.9999960484735656,0,0,0.6339453229697132,0.1038032222290665,NEU2;ELOVL3;GDF1
GO_Biological_Process_2023,Positive Regulation Of Axonogenesis (GO:0050772),1/38,0.854120255695998,0.9999960484735656,0,0,0.5201469217696398,0.0820184729534543,MAP6
GO_Biological_Process_2023,Carboxylic Acid Transmembrane Transport (GO:1905039),1/39,0.861333041185806,0.9999960484735656,0,0,0.5064321554393082,0.0755971748049259,SLC7A13
GO_Biological_Process_2023,Positive Regulation Of Myoblast Differentiation (GO:0045663),1/38,0.854120255695998,0.9999960484735656,0,0,0.5201469217696398,0.0820184729534543,XKR8
GO_Biological_Process_2023,Sensory Organ Development (GO:0007423),2/70,0.8663709002945758,0.9999960484735656,0,0,0.5656912511197373,0.0811439810501876,NKX2-6;GDF3
GO_Biological_Process_2023,Regulation Of Protein Localization (GO:0032880),3/97,0.863509114747682,0.9999960484735656,0,0,0.6136157239231966,0.0900486142501377,BORA;KHDC3L;CEP72
GO_Biological_Process_2023,Regulation Of Defense Response (GO:0031347),3/97,0.863509114747682,0.9999960484735656,0,0,0.6136157239231966,0.0900486142501377,NLRP14;NLRP5;NLRP2
GO_Biological_Process_2023,"Nuclear-Transcribed mRNA Catabolic Process, Deadenylation-Dependent Decay (GO:0000288)",1/39,0.861333041185806,0.9999960484735656,0,0,0.5064321554393082,0.0755971748049259,PABPN1L
GO_Biological_Process_2023,Negative Regulation Of Ubiquitin-Dependent Protein Catabolic Process (GO:2000059),1/39,0.861333041185806,0.9999960484735656,0,0,0.5064321554393082,0.0755971748049259,QRICH2
GO_Biological_Process_2023,Negative Regulation Of Transport (GO:0051051),1/39,0.861333041185806,0.9999960484735656,0,0,0.5064321554393082,0.0755971748049259,RSC1A1
GO_Biological_Process_2023,Vitamin Transport (GO:0051180),1/39,0.861333041185806,0.9999960484735656,0,0,0.5064321554393082,0.0755971748049259,SLC19A3
GO_Biological_Process_2023,Fibroblast Growth Factor Receptor Signaling Pathway (GO:0008543),1/39,0.861333041185806,0.9999960484735656,0,0,0.5064321554393082,0.0755971748049259,FGF19
GO_Biological_Process_2023,Release Of Sequestered Calcium Ion Into Cytosol (GO:0051209),1/39,0.861333041185806,0.9999960484735656,0,0,0.5064321554393082,0.0755971748049259,GP1BA
GO_Biological_Process_2023,Positive Regulation Of Bone Mineralization (GO:0030501),1/38,0.854120255695998,0.9999960484735656,0,0,0.5201469217696398,0.0820184729534543,PTH
GO_Biological_Process_2023,Regulation Of Receptor-Mediated Endocytosis (GO:0048259),1/39,0.861333041185806,0.9999960484735656,0,0,0.5064321554393082,0.0755971748049259,IL4
GO_Biological_Process_2023,Axonal Transport (GO:0098930),1/39,0.861333041185806,0.9999960484735656,0,0,0.5064321554393082,0.0755971748049259,MGARP
GO_Biological_Process_2023,Regulation Of Mitotic Spindle Organization (GO:0060236),1/39,0.861333041185806,0.9999960484735656,0,0,0.5064321554393082,0.0755971748049259,BORA
GO_Biological_Process_2023,Anterograde Axonal Transport (GO:0008089),1/39,0.861333041185806,0.9999960484735656,0,0,0.5064321554393082,0.0755971748049259,MGARP
GO_Biological_Process_2023,Regulation Of Mitochondrial Membrane Potential (GO:0051881),1/39,0.861333041185806,0.9999960484735656,0,0,0.5064321554393082,0.0755971748049259,STOX1
GO_Biological_Process_2023,RNA Transport (GO:0050658),1/39,0.861333041185806,0.9999960484735656,0,0,0.5064321554393082,0.0755971748049259,POM121L2
GO_Biological_Process_2023,Establishment Of Protein Localization To Membrane (GO:0090150),2/69,0.8609907780632452,0.9999960484735656,0,0,0.5741647094476854,0.085936084892675,RTP3;NACAD
GO_Biological_Process_2023,Supramolecular Fiber Organization (GO:0097435),12/316,0.8600910497386773,0.9999960484735656,0,0,0.7574493927125506,0.1141605179589712,MAP10;CDSN;BFSP1;KHDC3L;KASH5;NLRP5;KRT78;STMND1;ERMN;TLE6;KRT9;TRDN
GO_Biological_Process_2023,Negative Regulation Of Protein Metabolic Process (GO:0051248),5/147,0.8565984834140574,0.9999960484735656,0,0,0.6766515590487938,0.1047361775779033,TRIM40;ZAR1L;NANOS3;PRG3;ZAR1
GO_Biological_Process_2023,DNA Repair (GO:0006281),11/291,0.8554255734700592,0.9999960484735656,0,0,0.7540361533957846,0.1177474106736578,RECQL4;EID3;SLX4;EME1;EME2;HUS1B;HROB;FANCE;RAD9B;CENPS;TICRR
GO_Biological_Process_2023,Regulation Of Protein Targeting To Mitochondrion (GO:1903214),1/39,0.861333041185806,0.9999960484735656,0,0,0.5064321554393082,0.0755971748049259,UBL4B
GO_Biological_Process_2023,Positive Regulation Of Myeloid Cell Differentiation (GO:0045639),1/36,0.8385508912246147,0.9999960484735656,0,0,0.5499275572297885,0.0968312477903749,THPO
GO_Biological_Process_2023,Negative Regulation Of Blood Vessel Endothelial Cell Migration (GO:0043537),1/33,0.8120301209392471,0.9999960484735656,0,0,0.6015783468559838,0.1252593468340409,ANGPT4
GO_Biological_Process_2023,Positive Regulation Of Double-Strand Break Repair Via Homologous Recombination (GO:1905168),1/36,0.8385508912246147,0.9999960484735656,0,0,0.5499275572297885,0.0968312477903749,KHDC3L
GO_Biological_Process_2023,Regulation Of T Cell Receptor Signaling Pathway (GO:0050856),1/34,0.82132168704081,0.9999960484735656,0,0,0.5833179666851066,0.1148205552105074,PVRIG
GO_Biological_Process_2023,Positive Regulation Of Transcription By RNA Polymerase I (GO:0045943),1/34,0.82132168704081,0.9999960484735656,0,0,0.5833179666851066,0.1148205552105074,UBTFL1
GO_Biological_Process_2023,Positive Regulation Of Organelle Organization (GO:0010638),1/34,0.82132168704081,0.9999960484735656,0,0,0.5833179666851066,0.1148205552105074,MGARP
GO_Biological_Process_2023,Positive Regulation Of Carbohydrate Metabolic Process (GO:0045913),1/34,0.82132168704081,0.9999960484735656,0,0,0.5833179666851066,0.1148205552105074,PTH
GO_Biological_Process_2023,Negative Regulation Of Mitotic Cell Cycle (GO:0045930),1/34,0.82132168704081,0.9999960484735656,0,0,0.5833179666851066,0.1148205552105074,BTG4
GO_Biological_Process_2023,Negative Regulation Of Cell Cycle Process (GO:0010948),1/34,0.82132168704081,0.9999960484735656,0,0,0.5833179666851066,0.1148205552105074,FBXO43
GO_Biological_Process_2023,Membrane Protein Proteolysis (GO:0033619),1/34,0.82132168704081,0.9999960484735656,0,0,0.5833179666851066,0.1148205552105074,SPPL2C
GO_Biological_Process_2023,Glial Cell Differentiation (GO:0010001),1/34,0.82132168704081,0.9999960484735656,0,0,0.5833179666851066,0.1148205552105074,NCAN
GO_Biological_Process_2023,Superoxide Metabolic Process (GO:0006801),1/34,0.82132168704081,0.9999960484735656,0,0,0.5833179666851066,0.1148205552105074,PRG3
GO_Biological_Process_2023,Sodium Ion Transport (GO:0006814),3/89,0.8217157325594527,0.9999960484735656,0,0,0.6709798638684061,0.1317541212970798,CATSPER3;CATSPER4;SLC17A3
GO_Biological_Process_2023,Smoothened Signaling Pathway (GO:0007224),1/34,0.82132168704081,0.9999960484735656,0,0,0.5833179666851066,0.1148205552105074,TCTN2
GO_Biological_Process_2023,Response To Estrogen (GO:0043627),1/34,0.82132168704081,0.9999960484735656,0,0,0.5833179666851066,0.1148205552105074,OCSTAMP
GO_Biological_Process_2023,Regulation Of Cytoskeleton Organization (GO:0051493),4/114,0.8200117501189153,0.9999960484735656,0,0,0.6992693979469158,0.13876064839499,ODAM;FRMPD2;MAP6;SPATA4
GO_Biological_Process_2023,Positive Regulation Of Apoptotic Signaling Pathway (GO:2001235),2/62,0.817452992416852,0.9999960484735656,0,0,0.6413874788494078,0.1292792657213005,IFNB1;FADD
GO_Biological_Process_2023,Positive Regulation Of Release Of Sequestered Calcium Ion Into Cytosol (GO:0051281),1/33,0.8120301209392471,0.9999960484735656,0,0,0.6015783468559838,0.1252593468340409,TRDN
GO_Biological_Process_2023,Positive Regulation Of Establishment Of Protein Localization To Mitochondrion (GO:1903749),1/33,0.8120301209392471,0.9999960484735656,0,0,0.6015783468559838,0.1252593468340409,UBL4B
GO_Biological_Process_2023,Positive Regulation Of Chromosome Organization (GO:2001252),1/33,0.8120301209392471,0.9999960484735656,0,0,0.6015783468559838,0.1252593468340409,SLX4
GO_Biological_Process_2023,Positive Regulation Of Notch Signaling Pathway (GO:0045747),1/33,0.8120301209392471,0.9999960484735656,0,0,0.6015783468559838,0.1252593468340409,MESP1
GO_Biological_Process_2023,Negative Regulation Of Epithelial Cell Migration (GO:0010633),1/33,0.8120301209392471,0.9999960484735656,0,0,0.6015783468559838,0.1252593468340409,IL4
GO_Biological_Process_2023,Protein Dephosphorylation (GO:0006470),4/124,0.8664919804582351,0.9999960484735656,0,0,0.6406578501186843,0.0918078234958655,FAM220A;PP2D1;DUSP21;PPEF1
GO_Biological_Process_2023,Sister Chromatid Segregation (GO:0000819),1/34,0.82132168704081,0.9999960484735656,0,0,0.5833179666851066,0.1148205552105074,KNSTRN
GO_Biological_Process_2023,Intracellular Calcium Ion Homeostasis (GO:0006874),5/139,0.8217287555961668,0.9999960484735656,0,0,0.7173526461379457,0.1408485474932405,GCM2;CALCA;SPPL2C;WBP2NL;TRDN
GO_Biological_Process_2023,Defense Response To Virus (GO:0051607),7/189,0.8294950724677166,0.9999960484735656,0,0,0.7390502354788069,0.1381566540186528,IL21;GARIN5A;IFNB1;IFNE;CD207;FADD;USP29
GO_Biological_Process_2023,Regulation Of Cellular Senescence (GO:2000772),1/35,0.8301543977389985,0.9999960484735656,0,0,0.5661317265242811,0.1053817829974104,TERT
GO_Biological_Process_2023,Negative Regulation Of Sequestering Of Calcium Ion (GO:0051283),1/36,0.8385508912246147,0.9999960484735656,0,0,0.5499275572297885,0.0968312477903749,GP1BA
GO_Biological_Process_2023,Regulation Of Peptidyl-Threonine Phosphorylation (GO:0010799),1/36,0.8385508912246147,0.9999960484735656,0,0,0.5499275572297885,0.0968312477903749,STOX1
GO_Biological_Process_2023,Blood Vessel Diameter Maintenance (GO:0097746),1/36,0.8385508912246147,0.9999960484735656,0,0,0.5499275572297885,0.0968312477903749,NPPB
GO_Biological_Process_2023,Positive Regulation Of Neuron Projection Development (GO:0010976),3/92,0.8385286274836063,0.9999960484735656,0,0,0.6482597972047136,0.1141628009255764,PLK5;KHDC3L;PLA2G3
GO_Biological_Process_2023,Regulation Of Cytokine Production (GO:0001817),6/167,0.837811838884381,0.9999960484735656,0,0,0.716166163314149,0.1267340101381901,IL21;LITAFD;CLEC6A;IL12B;IL17F;BTNL2
GO_Biological_Process_2023,Autophagosome Assembly (GO:0000045),2/65,0.8374330103706806,0.9999960484735656,0,0,0.6107485295302554,0.1083553433431541,RUFY4;BECN2
GO_Biological_Process_2023,RNA Export From Nucleus (GO:0006405),2/65,0.8374330103706806,0.9999960484735656,0,0,0.6107485295302554,0.1083553433431541,POM121L2;NXF3
GO_Biological_Process_2023,Cellular Response To Molecule Of Bacterial Origin (GO:0071219),4/117,0.835195293628476,0.9999960484735656,0,0,0.6805966924441164,0.1225684520486501,CXCL6;IL36A;IL36B;DEFB124
GO_Biological_Process_2023,Cellular Component Assembly (GO:0022607),10/260,0.831161616990498,0.9999960484735656,0,0,0.7681883316274309,0.1420618502527091,RP1L1;SYCE1;LRGUK;RP1;JHY;TEX15;QRICH2;LRRC43;PIERCE2;PIERCE1
GO_Biological_Process_2023,Positive Regulation Of Type I Interferon Production (GO:0032481),2/64,0.8310036210671707,0.9999960484735656,0,0,0.6206320615686917,0.1148921064755815,GARIN5A;TRIM65
GO_Biological_Process_2023,Positive Regulation Of Cysteine-Type Endopeptidase Activity (GO:2001056),2/64,0.8310036210671707,0.9999960484735656,0,0,0.6206320615686917,0.1148921064755815,NLRP2;FADD
GO_Biological_Process_2023,Regulation Of Cardiac Muscle Contraction (GO:0055117),1/35,0.8301543977389985,0.9999960484735656,0,0,0.5661317265242811,0.1053817829974104,CHGA
GO_Biological_Process_2023,Regulation Of G2/M Transition Of Mitotic Cell Cycle (GO:0010389),1/35,0.8301543977389985,0.9999960484735656,0,0,0.5661317265242811,0.1053817829974104,STOX1
GO_Biological_Process_2023,Positive Regulation Of Cell Development (GO:0010720),1/35,0.8301543977389985,0.9999960484735656,0,0,0.5661317265242811,0.1053817829974104,KHDC3L
GO_Biological_Process_2023,Platelet Aggregation (GO:0070527),1/35,0.8301543977389985,0.9999960484735656,0,0,0.5661317265242811,0.1053817829974104,GP1BA
GO_Biological_Process_2023,One-Carbon Compound Transport (GO:0019755),1/35,0.8301543977389985,0.9999960484735656,0,0,0.5661317265242811,0.1053817829974104,SLC14A2
GO_Biological_Process_2023,Skeletal Muscle Organ Development (GO:0060538),1/35,0.8301543977389985,0.9999960484735656,0,0,0.5661317265242811,0.1053817829974104,MYMX
GO_Biological_Process_2023,Endoderm Formation (GO:0001706),1/35,0.8301543977389985,0.9999960484735656,0,0,0.5661317265242811,0.1053817829974104,MIXL1
GO_Biological_Process_2023,Dendrite Morphogenesis (GO:0048813),1/35,0.8301543977389985,0.9999960484735656,0,0,0.5661317265242811,0.1053817829974104,MAP6
GO_Biological_Process_2023,Regulation Of Postsynaptic Membrane Potential (GO:0060078),1/35,0.8301543977389985,0.9999960484735656,0,0,0.5661317265242811,0.1053817829974104,NPFF
GO_Biological_Process_2023,Action Potential (GO:0001508),1/35,0.8301543977389985,0.9999960484735656,0,0,0.5661317265242811,0.1053817829974104,KCNMB3
GO_Biological_Process_2023,Positive Regulation Of Interferon-Beta Production (GO:0032728),1/36,0.8385508912246147,0.9999960484735656,0,0,0.5499275572297885,0.0968312477903749,TRIM65
GO_Biological_Process_2023,Positive Regulation Of Cold-Induced Thermogenesis (GO:0120162),3/98,0.8680771868329321,0.9999960484735656,0,0,0.6071245186136072,0.0858927247415036,IL4;ELOVL3;IL13
GO_Biological_Process_2023,Regulation Of Cell Cycle Process (GO:0010564),4/130,0.8891185773480768,0.9999960484735656,0,0,0.6099565631610393,0.0716849435065695,BORA;INSM2;FBXO43;KNSTRN
GO_Biological_Process_2023,Cyclic-Nucleotide-Mediated Signaling (GO:0019935),1/40,0.8681895405130589,0.9999960484735656,0,0,0.49342071045925,0.0697426606060501,NPPB
GO_Biological_Process_2023,Regulation Of Fibroblast Proliferation (GO:0048145),1/46,0.9027727888911456,0.9999960484735656,0,0,0.4274960558936218,0.0437261670147499,PLA2G2C
GO_Biological_Process_2023,Regulation Of Cytokine Production Involved In Inflammatory Response (GO:1900015),1/46,0.9027727888911456,0.9999960484735656,0,0,0.4274960558936218,0.0437261670147499,IL17A
GO_Biological_Process_2023,B Cell Receptor Signaling Pathway (GO:0050853),1/46,0.9027727888911456,0.9999960484735656,0,0,0.4274960558936218,0.0437261670147499,IGHE
GO_Biological_Process_2023,Inflammatory Response (GO:0006954),8/236,0.9010850829020316,0.9999960484735656,0,0,0.6732612941956526,0.0701239301477385,IL4;CXCL6;IL1RL1;ODAM;IL13;HRH4;IL9;TAC4
GO_Biological_Process_2023,Positive Regulation Of JNK Cascade (GO:0046330),2/77,0.8989792113871761,0.9999960484735656,0,0,0.5127038917089678,0.0546005900994342,FGF19;BIRC7
GO_Biological_Process_2023,Negative Regulation Of Transforming Growth Factor Beta Receptor Signaling Pathway (GO:0030512),2/77,0.8989792113871761,0.9999960484735656,0,0,0.5127038917089678,0.0546005900994342,HTRA4;DAND5
GO_Biological_Process_2023,Response To Lipopolysaccharide (GO:0032496),5/159,0.8980915628108155,0.9999960484735656,0,0,0.6235287116142513,0.0670188941614498,CXCL6;IL36A;IL36B;IL23R;IL12A
GO_Biological_Process_2023,Regulation Of Apoptotic Signaling Pathway (GO:2001233),1/45,0.8977136669563678,0.9999960484735656,0,0,0.4372349253180896,0.0471794489409098,IFNB1
GO_Biological_Process_2023,Positive Regulation Of mRNA Catabolic Process (GO:0061014),1/45,0.8977136669563678,0.9999960484735656,0,0,0.4372349253180896,0.0471794489409098,NANOS3
GO_Biological_Process_2023,Amino Acid Transport (GO:0006865),1/46,0.9027727888911456,0.9999960484735656,0,0,0.4274960558936218,0.0437261670147499,SLC7A13
GO_Biological_Process_2023,Organic Hydroxy Compound Transport (GO:0015850),1/45,0.8977136669563678,0.9999960484735656,0,0,0.4372349253180896,0.0471794489409098,SLC10A4
GO_Biological_Process_2023,Mitotic Nuclear Division (GO:0140014),1/45,0.8977136669563678,0.9999960484735656,0,0,0.4372349253180896,0.0471794489409098,KNSTRN
GO_Biological_Process_2023,Zymogen Activation (GO:0031638),1/45,0.8977136669563678,0.9999960484735656,0,0,0.4372349253180896,0.0471794489409098,FADD
GO_Biological_Process_2023,Establishment Of Protein Localization To Extracellular Region (GO:0035592),1/45,0.8977136669563678,0.9999960484735656,0,0,0.4372349253180896,0.0471794489409098,PPY
GO_Biological_Process_2023,Regulation Of Telomerase Activity (GO:0051972),1/45,0.8977136669563678,0.9999960484735656,0,0,0.4372349253180896,0.0471794489409098,GDF1
GO_Biological_Process_2023,Regulation Of Protein Modification Process (GO:0031399),1/45,0.8977136669563678,0.9999960484735656,0,0,0.4372349253180896,0.0471794489409098,KDM4D
GO_Biological_Process_2023,I-kappaB kinase/NF-kappaB Signaling (GO:0007249),1/45,0.8977136669563678,0.9999960484735656,0,0,0.4372349253180896,0.0471794489409098,DEFB124
GO_Biological_Process_2023,Phosphatidylinositol Phosphate Biosynthetic Process (GO:0046854),1/44,0.8923915730717177,0.9999960484735656,0,0,0.4474267654134629,0.0509396533329394,P3R3URF
GO_Biological_Process_2023,Nucleus Organization (GO:0006997),1/44,0.8923915730717177,0.9999960484735656,0,0,0.4474267654134629,0.0509396533329394,PRM2
GO_Biological_Process_2023,Negative Regulation Of Immune System Process (GO:0002683),1/44,0.8923915730717177,0.9999960484735656,0,0,0.4474267654134629,0.0509396533329394,FADD
GO_Biological_Process_2023,Negative Regulation Of Response To Biotic Stimulus (GO:0002832),1/45,0.8977136669563678,0.9999960484735656,0,0,0.4372349253180896,0.0471794489409098,DEFB118
GO_Biological_Process_2023,Regulation Of Nervous System Development (GO:0051960),1/46,0.9027727888911456,0.9999960484735656,0,0,0.4274960558936218,0.0437261670147499,HES3
GO_Biological_Process_2023,Cellular Component Disassembly (GO:0022411),1/46,0.9027727888911456,0.9999960484735656,0,0,0.4274960558936218,0.0437261670147499,KLK4
GO_Biological_Process_2023,Homotypic Cell-Cell Adhesion (GO:0034109),1/46,0.9027727888911456,0.9999960484735656,0,0,0.4274960558936218,0.0437261670147499,GP1BA
GO_Biological_Process_2023,Protein Monoubiquitination (GO:0006513),1/47,0.9075819201787266,0.9999960484735656,0,0,0.4181806155745656,0.0405515792941687,FANCE
GO_Biological_Process_2023,Negative Regulation Of Tumor Necrosis Factor Production (GO:0032720),1/47,0.9075819201787266,0.9999960484735656,0,0,0.4181806155745656,0.0405515792941687,IL4
GO_Biological_Process_2023,Negative Regulation Of Hydrolase Activity (GO:0051346),1/47,0.9075819201787266,0.9999960484735656,0,0,0.4181806155745656,0.0405515792941687,EPPIN
GO_Biological_Process_2023,Secondary Alcohol Metabolic Process (GO:1902652),1/47,0.9075819201787266,0.9999960484735656,0,0,0.4181806155745656,0.0405515792941687,IL4
GO_Biological_Process_2023,Bicellular Tight Junction Assembly (GO:0070830),1/47,0.9075819201787266,0.9999960484735656,0,0,0.4181806155745656,0.0405515792941687,FRMPD2
GO_Biological_Process_2023,Regulation Of Interleukin-2 Production (GO:0032663),1/47,0.9075819201787266,0.9999960484735656,0,0,0.4181806155745656,0.0405515792941687,IL17F
GO_Biological_Process_2023,Protein Import Into Nucleus (GO:0006606),2/79,0.9068351602611412,0.9999960484735656,0,0,0.4993341683697013,0.0488321788219977,POM121L2;FAM53A
GO_Biological_Process_2023,Positive Regulation Of Protein Modification By Small Protein Conjugation Or Removal (GO:1903322),2/79,0.9068351602611412,0.9999960484735656,0,0,0.4993341683697013,0.0488321788219977,BIRC7;CENPS
GO_Biological_Process_2023,Positive Regulation Of Endocytosis (GO:0045807),2/79,0.9068351602611412,0.9999960484735656,0,0,0.4993341683697013,0.0488321788219977,IL4;SPACA3
GO_Biological_Process_2023,Regulation Of Cyclin-Dependent Protein Serine/Threonine Kinase Activity (GO:0000079),2/79,0.9068351602611412,0.9999960484735656,0,0,0.4993341683697013,0.0488321788219977,CCNB3;INCA1
GO_Biological_Process_2023,Positive Regulation Of Metabolic Process (GO:0009893),3/108,0.9068144162520874,0.9999960484735656,0,0,0.5490127758420441,0.0537030366321813,IL4;ELOVL3;IL13
GO_Biological_Process_2023,Positive Regulation Of DNA Metabolic Process (GO:0051054),3/108,0.9068144162520874,0.9999960484735656,0,0,0.5490127758420441,0.0537030366321813,SLX4;NPM2;STPG4
GO_Biological_Process_2023,Lipid Transport (GO:0006869),3/108,0.9068144162520874,0.9999960484735656,0,0,0.5490127758420441,0.0537030366321813,SLC10A4;GLTPD2;FABP7
GO_Biological_Process_2023,Monoatomic Ion Transport (GO:0006811),3/107,0.9034638901360212,0.9999960484735656,0,0,0.5543210600375235,0.0562741952998976,CNGB3;SLC17A1;SLC17A3
GO_Biological_Process_2023,Organonitrogen Compound Catabolic Process (GO:1901565),2/78,0.9029814230139868,0.9999960484735656,0,0,0.5059310713331552,0.0516319345406203,ADAMTS13;GGACT
GO_Biological_Process_2023,Cellular Response To Nutrient Levels (GO:0031669),2/78,0.9029814230139868,0.9999960484735656,0,0,0.5059310713331552,0.0516319345406203,UCN3;UTS2
GO_Biological_Process_2023,Protein Sumoylation (GO:0016925),1/46,0.9027727888911456,0.9999960484735656,0,0,0.4274960558936218,0.0437261670147499,EID3
GO_Biological_Process_2023,Positive Regulation Of Cell-Cell Adhesion (GO:0022409),1/46,0.9027727888911456,0.9999960484735656,0,0,0.4274960558936218,0.0437261670147499,RNASE10
GO_Biological_Process_2023,Positive Regulation Of Blood Vessel Endothelial Cell Migration (GO:0043536),1/46,0.9027727888911456,0.9999960484735656,0,0,0.4274960558936218,0.0437261670147499,ANGPT4
GO_Biological_Process_2023,Negative Regulation Of Cellular Metabolic Process (GO:0031324),1/46,0.9027727888911456,0.9999960484735656,0,0,0.4274960558936218,0.0437261670147499,TERT
GO_Biological_Process_2023,Intracellular Protein Transmembrane Transport (GO:0065002),1/46,0.9027727888911456,0.9999960484735656,0,0,0.4274960558936218,0.0437261670147499,TOMM20L
GO_Biological_Process_2023,Mitotic Spindle Assembly (GO:0090307),1/44,0.8923915730717177,0.9999960484735656,0,0,0.4474267654134629,0.0509396533329394,MAP10
GO_Biological_Process_2023,Regulation Of Microtubule Polymerization (GO:0031113),1/40,0.8681895405130589,0.9999960484735656,0,0,0.49342071045925,0.0697426606060501,ANKRD53
GO_Biological_Process_2023,Extracellular Matrix Disassembly (GO:0022617),1/44,0.8923915730717177,0.9999960484735656,0,0,0.4474267654134629,0.0509396533329394,KLK4
GO_Biological_Process_2023,Regulation Of Transport (GO:0051049),1/44,0.8923915730717177,0.9999960484735656,0,0,0.4474267654134629,0.0509396533329394,RSC1A1
GO_Biological_Process_2023,Regulation Of Organelle Organization (GO:0033043),3/100,0.8768102474919796,0.9999960484735656,0,0,0.5945436258486296,0.078161484830822,MGARP;SPATA4;STOX1
GO_Biological_Process_2023,Protein Targeting To Membrane (GO:0006612),2/72,0.8765615973688278,0.9999960484735656,0,0,0.5494706308919507,0.0723918218338068,RTP3;NACAD
GO_Biological_Process_2023,Negative Regulation Of Cell Adhesion (GO:0007162),2/72,0.8765615973688278,0.9999960484735656,0,0,0.5494706308919507,0.0723918218338068,DEFB118;DACT2
GO_Biological_Process_2023,Negative Regulation Of Catabolic Process (GO:0009895),2/72,0.8765615973688278,0.9999960484735656,0,0,0.5494706308919507,0.0723918218338068,TRIM40;QRICH2
GO_Biological_Process_2023,Regulation Of Amide Metabolic Process (GO:0034248),1/41,0.8747073358972794,0.9999960484735656,0,0,0.4810598377281947,0.0643975186345257,NANOS3
GO_Biological_Process_2023,Positive Regulation Of Viral Process (GO:0048524),1/41,0.8747073358972794,0.9999960484735656,0,0,0.4810598377281947,0.0643975186345257,CLEC4G
GO_Biological_Process_2023,Positive Regulation Of Ossification (GO:0045778),1/41,0.8747073358972794,0.9999960484735656,0,0,0.4810598377281947,0.0643975186345257,PTH
GO_Biological_Process_2023,Negative Regulation Of Proteolysis (GO:0045861),1/41,0.8747073358972794,0.9999960484735656,0,0,0.4810598377281947,0.0643975186345257,EPPIN
GO_Biological_Process_2023,Negative Regulation Of mRNA Catabolic Process (GO:1902373),1/41,0.8747073358972794,0.9999960484735656,0,0,0.4810598377281947,0.0643975186345257,ZAR1
GO_Biological_Process_2023,Regulation Of Response To External Stimulus (GO:0032101),4/127,0.8782601412547874,0.9999960484735656,0,0,0.6249328007013539,0.081124052186702,NLRP14;NLRP5;NLRP2;GP1BA
GO_Biological_Process_2023,Visual System Development (GO:0150063),1/41,0.8747073358972794,0.9999960484735656,0,0,0.4810598377281947,0.0643975186345257,GDF3
GO_Biological_Process_2023,Carbohydrate Catabolic Process (GO:0016052),1/41,0.8747073358972794,0.9999960484735656,0,0,0.4810598377281947,0.0643975186345257,NEU2
GO_Biological_Process_2023,DNA Duplex Unwinding (GO:0032508),1/41,0.8747073358972794,0.9999960484735656,0,0,0.4810598377281947,0.0643975186345257,RECQL4
GO_Biological_Process_2023,Extracellular Matrix Organization (GO:0030198),6/176,0.8713752678498815,0.9999960484735656,0,0,0.677927684835402,0.093338810864164,C6ORF15;ADAMTS13;MANSC4;KLK4;DMP1;MARCOL
GO_Biological_Process_2023,Regulation Of Mitotic Cell Cycle (GO:0007346),4/125,0.8705190872411019,0.9999960484735656,0,0,0.6353295275888451,0.0880983458576078,BTG4;BORA;UBD;FBXO43
GO_Biological_Process_2023,Protein Localization To Cilium (GO:0061512),1/40,0.8681895405130589,0.9999960484735656,0,0,0.49342071045925,0.0697426606060501,TCTN2
GO_Biological_Process_2023,Positive Regulation Of Wound Healing (GO:0090303),1/40,0.8681895405130589,0.9999960484735656,0,0,0.49342071045925,0.0697426606060501,INSL3
GO_Biological_Process_2023,Positive Regulation Of Insulin Secretion (GO:0032024),1/40,0.8681895405130589,0.9999960484735656,0,0,0.49342071045925,0.0697426606060501,TRH
GO_Biological_Process_2023,Negative Regulation Of Protein Localization (GO:1903828),1/40,0.8681895405130589,0.9999960484735656,0,0,0.49342071045925,0.0697426606060501,TRIM40
GO_Biological_Process_2023,Water-Soluble Vitamin Metabolic Process (GO:0006767),1/40,0.8681895405130589,0.9999960484735656,0,0,0.49342071045925,0.0697426606060501,SLC19A3
GO_Biological_Process_2023,Heart Contraction (GO:0060047),1/41,0.8747073358972794,0.9999960484735656,0,0,0.4810598377281947,0.0643975186345257,TRDN
GO_Biological_Process_2023,Regulation Of Tumor Necrosis Factor Production (GO:0032680),4/127,0.8782601412547874,0.9999960484735656,0,0,0.6249328007013539,0.081124052186702,IL4;IL12B;FADD;IL17A
GO_Biological_Process_2023,Amino Acid Transmembrane Transport (GO:0003333),1/42,0.8809031428327472,0.9999960484735656,0,0,0.4693019343986543,0.0595110515638122,SLC7A13
GO_Biological_Process_2023,Cardiac Ventricle Morphogenesis (GO:0003208),1/42,0.8809031428327472,0.9999960484735656,0,0,0.4693019343986543,0.0595110515638122,MESP1
GO_Biological_Process_2023,Ubiquitin-Dependent Protein Catabolic Process Via The Multivesicular Body Sorting Pathway (GO:0043162),1/33,0.8120301209392471,0.9999960484735656,0,0,0.6015783468559838,0.1252593468340409,UBAP1L
GO_Biological_Process_2023,Regulation Of Cell-Cell Adhesion (GO:0022407),1/43,0.8867928526241552,0.9999960484735656,0,0,0.4581039312276634,0.0550383750418582,RNASE10
GO_Biological_Process_2023,Positive Regulation Of Receptor-Mediated Endocytosis (GO:0048260),1/43,0.8867928526241552,0.9999960484735656,0,0,0.4581039312276634,0.0550383750418582,IL4
GO_Biological_Process_2023,Positive Regulation Of miRNA Transcription (GO:1902895),1/43,0.8867928526241552,0.9999960484735656,0,0,0.4581039312276634,0.0550383750418582,TERT
GO_Biological_Process_2023,mRNA Destabilization (GO:0061157),1/43,0.8867928526241552,0.9999960484735656,0,0,0.4581039312276634,0.0550383750418582,PABPN1L
GO_Biological_Process_2023,Ephrin Receptor Signaling Pathway (GO:0048013),1/43,0.8867928526241552,0.9999960484735656,0,0,0.4581039312276634,0.0550383750418582,EPHA10
GO_Biological_Process_2023,Energy Derivation By Oxidation Of Organic Compounds (GO:0015980),1/43,0.8867928526241552,0.9999960484735656,0,0,0.4581039312276634,0.0550383750418582,SDHAF4
GO_Biological_Process_2023,Regulation Of Chromosome Organization (GO:0033044),1/43,0.8867928526241552,0.9999960484735656,0,0,0.4581039312276634,0.0550383750418582,EID3
GO_Biological_Process_2023,Regulation Of Cell Cycle G1/S Phase Transition (GO:1902806),2/74,0.8860310511637147,0.9999960484735656,0,0,0.5341511562323745,0.0646340432718433,CRNN;PLK5
GO_Biological_Process_2023,Import Into Nucleus (GO:0051170),2/74,0.8860310511637147,0.9999960484735656,0,0,0.5341511562323745,0.0646340432718433,POM121L2;FAM53A
GO_Biological_Process_2023,Regulation Of mRNA Stability (GO:0043488),2/74,0.8860310511637147,0.9999960484735656,0,0,0.5341511562323745,0.0646340432718433,FASTKD3;ZAR1
GO_Biological_Process_2023,Calcium Ion Homeostasis (GO:0055074),3/102,0.8850264086291845,0.9999960484735656,0,0,0.5824710519832471,0.0711417294515527,GCM2;SPPL2C;TRDN
GO_Biological_Process_2023,Monocarboxylic Acid Transport (GO:0015718),2/73,0.8813836718338971,0.9999960484735656,0,0,0.5417030099377994,0.0683966419542829,SLC10A4;FABP7
GO_Biological_Process_2023,DNA Replication (GO:0006260),2/73,0.8813836718338971,0.9999960484735656,0,0,0.5417030099377994,0.0683966419542829,RECQL4;TICRR
GO_Biological_Process_2023,Regulation Of Axonogenesis (GO:0050770),1/42,0.8809031428327472,0.9999960484735656,0,0,0.4693019343986543,0.0595110515638122,MAP6
GO_Biological_Process_2023,Potassium Ion Import Across Plasma Membrane (GO:1990573),1/42,0.8809031428327472,0.9999960484735656,0,0,0.4693019343986543,0.0595110515638122,KCNK9
GO_Biological_Process_2023,Organic Hydroxy Compound Biosynthetic Process (GO:1901617),1/42,0.8809031428327472,0.9999960484735656,0,0,0.4693019343986543,0.0595110515638122,HSD17B1
GO_Biological_Process_2023,Monocyte Chemotaxis (GO:0002548),1/42,0.8809031428327472,0.9999960484735656,0,0,0.4693019343986543,0.0595110515638122,CALCA
GO_Biological_Process_2023,Monoatomic Cation Transport (GO:0006812),1/42,0.8809031428327472,0.9999960484735656,0,0,0.4693019343986543,0.0595110515638122,CNGB3
GO_Biological_Process_2023,Embryonic Heart Tube Morphogenesis (GO:0003143),1/42,0.8809031428327472,0.9999960484735656,0,0,0.4693019343986543,0.0595110515638122,MESP1
GO_Biological_Process_2023,Regulation Of Ubiquitin-Dependent Protein Catabolic Process (GO:2000058),1/42,0.8809031428327472,0.9999960484735656,0,0,0.4693019343986543,0.0595110515638122,QRICH2
GO_Biological_Process_2023,Embryonic Organ Morphogenesis (GO:0048562),1/44,0.8923915730717177,0.9999960484735656,0,0,0.4474267654134629,0.0509396533329394,MESP1
GO_Biological_Process_2023,Glycolipid Metabolic Process (GO:0006664),1/33,0.8120301209392471,0.9999960484735656,0,0,0.6015783468559838,0.1252593468340409,NEU2
GO_Biological_Process_2023,Response To Epidermal Growth Factor (GO:0070849),1/30,0.7811579362218546,0.9999960484735656,0,0,0.6639155067496678,0.1639724752358136,KNSTRN
GO_Biological_Process_2023,Negative Regulation Of Cellular Biosynthetic Process (GO:0031327),5/137,0.8120133854853739,0.9999960484735656,0,0,0.7282987718323767,0.1516598105647996,ZAR1L;NANOS3;FGF19;PRG3;ZAR1
GO_Biological_Process_2023,Positive Regulation Of Interleukin-6 Production (GO:0032755),3/76,0.7308794514433814,0.9999960484735656,0,0,0.7910123621784163,0.247987708498874,NLRP10;IL17F;IL17A
GO_Biological_Process_2023,"Negative Regulation Of Gene Expression, Epigenetic (GO:0045814)",2/51,0.7242968309155134,0.9999960484735656,0,0,0.7858282399254118,0.2534720288722255,INSL6;DPPA3
GO_Biological_Process_2023,Positive Regulation Of Multicellular Organismal Process (GO:0051240),17/387,0.7237946412274627,0.9999960484735656,0,0,0.8830621342992477,0.2854476904352587,IL21;MESP1;GRP;KHDC3L;ELOVL3;IL13;TLE6;IL2;NPPB;IL4;TERT;CLEC6A;GHRH;NLRP5;IL12B;IL17F;SMTNL1
GO_Biological_Process_2023,Regulation Of BMP Signaling Pathway (GO:0030510),3/75,0.72257769891245,0.9999960484735656,0,0,0.8020409891598916,0.2606074376913558,GDF3;CER1;DAND5
GO_Biological_Process_2023,Positive Regulation Of Neurogenesis (GO:0050769),3/75,0.72257769891245,0.9999960484735656,0,0,0.8020409891598916,0.2606074376913558,KHDC3L;NCAN;MAP6
GO_Biological_Process_2023,Regulation Of Fat Cell Differentiation (GO:0045598),3/75,0.72257769891245,0.9999960484735656,0,0,0.8020409891598916,0.2606074376913558,BBS12;GDF3;ADIG
GO_Biological_Process_2023,Actin Filament Organization (GO:0007015),6/144,0.7202117553162177,0.9999960484735656,0,0,0.8365465585250188,0.274562950663561,KHDC3L;KASH5;NLRP5;GAS2L2;ERMN;TLE6
GO_Biological_Process_2023,Negative Regulation Of Macromolecule Biosynthetic Process (GO:0010558),4/98,0.7188531650042888,0.9999960484735656,0,0,0.8189866020216012,0.2703459730549782,ZAR1L;NANOS3;PRG3;ZAR1
GO_Biological_Process_2023,Regulation Of Cell Cycle Phase Transition (GO:1901987),1/25,0.7180453353941368,0.9999960484735656,0,0,0.8024425287356322,0.2657870772146684,UBD
GO_Biological_Process_2023,Acute Inflammatory Response (GO:0002526),1/26,0.73197714354943,0.9999960484735656,0,0,0.7703042596348885,0.2403395432576833,MYLK3
GO_Biological_Process_2023,Regulation Of B Cell Activation (GO:0050864),1/25,0.7180453353941368,0.9999960484735656,0,0,0.8024425287356322,0.2657870772146684,IL4
GO_Biological_Process_2023,Osteoclast Differentiation (GO:0030316),1/25,0.7180453353941368,0.9999960484735656,0,0,0.8024425287356322,0.2657870772146684,OCSTAMP
GO_Biological_Process_2023,Negative Regulation Of Transposition (GO:0010529),1/25,0.7180453353941368,0.9999960484735656,0,0,0.8024425287356322,0.2657870772146684,TEX15
GO_Biological_Process_2023,Negative Regulation Of Telomere Maintenance Via Telomere Lengthening (GO:1904357),1/25,0.7180453353941368,0.9999960484735656,0,0,0.8024425287356322,0.2657870772146684,SLX4
GO_Biological_Process_2023,Negative Regulation Of Proteolysis Involved In Protein Catabolic Process (GO:1903051),1/25,0.7180453353941368,0.9999960484735656,0,0,0.8024425287356322,0.2657870772146684,QRICH2
GO_Biological_Process_2023,Negative Regulation Of Protein Localization To Membrane (GO:1905476),1/25,0.7180453353941368,0.9999960484735656,0,0,0.8024425287356322,0.2657870772146684,RSC1A1
GO_Biological_Process_2023,Negative Regulation Of Lipid Biosynthetic Process (GO:0051055),1/25,0.7180453353941368,0.9999960484735656,0,0,0.8024425287356322,0.2657870772146684,NR0B1
GO_Biological_Process_2023,Myotube Differentiation (GO:0014902),1/25,0.7180453353941368,0.9999960484735656,0,0,0.8024425287356322,0.2657870772146684,MYMX
GO_Biological_Process_2023,fatty-acyl-CoA Biosynthetic Process (GO:0046949),1/25,0.7180453353941368,0.9999960484735656,0,0,0.8024425287356322,0.2657870772146684,ELOVL3
GO_Biological_Process_2023,"Chemical Synaptic Transmission, Postsynaptic (GO:0099565)",1/25,0.7180453353941368,0.9999960484735656,0,0,0.8024425287356322,0.2657870772146684,NPFF
GO_Biological_Process_2023,Peptide Hormone Secretion (GO:0030072),1/25,0.7180453353941368,0.9999960484735656,0,0,0.8024425287356322,0.2657870772146684,GHRH
GO_Biological_Process_2023,Cellular Response To Steroid Hormone Stimulus (GO:0071383),1/25,0.7180453353941368,0.9999960484735656,0,0,0.8024425287356322,0.2657870772146684,MGARP
GO_Biological_Process_2023,Cellular Response To Xenobiotic Stimulus (GO:0071466),1/26,0.73197714354943,0.9999960484735656,0,0,0.7703042596348885,0.2403395432576833,GDF1
GO_Biological_Process_2023,Respiratory Chain Complex IV Assembly (GO:0008535),1/26,0.73197714354943,0.9999960484735656,0,0,0.7703042596348885,0.2403395432576833,FASTKD3
GO_Biological_Process_2023,DNA Synthesis Involved In DNA Repair (GO:0000731),1/27,0.7452212183522656,0.9999960484735656,0,0,0.7406381650803557,0.2178025516622849,HROB
GO_Biological_Process_2023,Regulation Of Chromatin Organization (GO:1902275),1/27,0.7452212183522656,0.9999960484735656,0,0,0.7406381650803557,0.2178025516622849,DPPA3
GO_Biological_Process_2023,Metal Ion Transport (GO:0030001),7/171,0.7450690281108763,0.9999960484735656,0,0,0.8209494773519164,0.2415877066493639,CATSPER3;KCNK9;CATSPER4;KCNMB3;CSN2;KCNK18;SLC17A3
GO_Biological_Process_2023,Glycoprotein Metabolic Process (GO:0009100),2/53,0.7437886354959772,0.9999960484735656,0,0,0.7549318204439136,0.2234585932846199,NEU2;ADAMTS13
GO_Biological_Process_2023,Regulation Of Macromolecule Biosynthetic Process (GO:0010556),2/53,0.7437886354959772,0.9999960484735656,0,0,0.7549318204439136,0.2234585932846199,IFNB1;NANOS3
GO_Biological_Process_2023,Regulation Of Cyclin-Dependent Protein Kinase Activity (GO:1904029),2/53,0.7437886354959772,0.9999960484735656,0,0,0.7549318204439136,0.2234585932846199,CCNB3;STOX1
GO_Biological_Process_2023,Negative Regulation Of Blood Vessel Morphogenesis (GO:2000181),3/77,0.738984489738953,0.9999960484735656,0,0,0.7802818061964404,0.2360183504867875,NPPB;ANGPT4;IL17F
GO_Biological_Process_2023,Sphingolipid Biosynthetic Process (GO:0030148),3/77,0.738984489738953,0.9999960484735656,0,0,0.7802818061964404,0.2360183504867875,ELOVL3;GDF1;PNPLA1
GO_Biological_Process_2023,Embryonic Organ Development (GO:0048568),3/77,0.738984489738953,0.9999960484735656,0,0,0.7802818061964404,0.2360183504867875,IL3;NKX2-6;THPO
GO_Biological_Process_2023,Regulation Of Vasoconstriction (GO:0019229),1/26,0.73197714354943,0.9999960484735656,0,0,0.7703042596348885,0.2403395432576833,SMTNL1
GO_Biological_Process_2023,Cellular Response To Ionizing Radiation (GO:0071479),2/52,0.7341948599915986,0.9999960484735656,0,0,0.7700710659898478,0.2379371807818967,KDM4D;RAD9B
GO_Biological_Process_2023,Positive Regulation Of Nuclear Division (GO:0051785),1/26,0.73197714354943,0.9999960484735656,0,0,0.7703042596348885,0.2403395432576833,NPM2
GO_Biological_Process_2023,Positive Regulation Of Monooxygenase Activity (GO:0032770),1/26,0.73197714354943,0.9999960484735656,0,0,0.7703042596348885,0.2403395432576833,TERT
GO_Biological_Process_2023,Positive Regulation Of Microtubule Polymerization Or Depolymerization (GO:0031112),1/26,0.73197714354943,0.9999960484735656,0,0,0.7703042596348885,0.2403395432576833,ANKRD53
GO_Biological_Process_2023,Positive Regulation Of Adenylate Cyclase Activity (GO:0045762),1/26,0.73197714354943,0.9999960484735656,0,0,0.7703042596348885,0.2403395432576833,AKAP5
GO_Biological_Process_2023,Mitotic Spindle Checkpoint Signaling (GO:0071174),1/26,0.73197714354943,0.9999960484735656,0,0,0.7703042596348885,0.2403395432576833,HASPIN
GO_Biological_Process_2023,Mitotic Spindle Assembly Checkpoint Signaling (GO:0007094),1/26,0.73197714354943,0.9999960484735656,0,0,0.7703042596348885,0.2403395432576833,HASPIN
GO_Biological_Process_2023,Histone H3-K4 Methylation (GO:0051568),1/26,0.73197714354943,0.9999960484735656,0,0,0.7703042596348885,0.2403395432576833,PRDM7
GO_Biological_Process_2023,Telomere Maintenance Via Telomere Lengthening (GO:0010833),1/26,0.73197714354943,0.9999960484735656,0,0,0.7703042596348885,0.2403395432576833,TERT
GO_Biological_Process_2023,Spindle Assembly Checkpoint Signaling (GO:0071173),1/26,0.73197714354943,0.9999960484735656,0,0,0.7703042596348885,0.2403395432576833,HASPIN
GO_Biological_Process_2023,Cardiac Muscle Tissue Development (GO:0048738),2/52,0.7341948599915986,0.9999960484735656,0,0,0.7700710659898478,0.2379371807818967,NPPB;MESP1
GO_Biological_Process_2023,Regulation Of Protein Processing (GO:0070613),1/25,0.7180453353941368,0.9999960484735656,0,0,0.8024425287356322,0.2657870772146684,TNP2
GO_Biological_Process_2023,Cardiac Conduction System Development (GO:0003161),1/25,0.7180453353941368,0.9999960484735656,0,0,0.8024425287356322,0.2657870772146684,NPPB
GO_Biological_Process_2023,Regulation Of Monocyte Chemotaxis (GO:0090025),1/25,0.7180453353941368,0.9999960484735656,0,0,0.8024425287356322,0.2657870772146684,DEFB124
GO_Biological_Process_2023,Cytoplasmic Microtubule Organization (GO:0031122),2/48,0.6927214429150321,0.9999960484735656,0,0,0.8372103288457294,0.3073627833633244,MAP10;TRDN
GO_Biological_Process_2023,Cellular Response To Radiation (GO:0071478),2/48,0.6927214429150321,0.9999960484735656,0,0,0.8372103288457294,0.3073627833633244,KDM4D;RAD9B
GO_Biological_Process_2023,Negative Regulation Of Actin Filament Polymerization (GO:0030837),1/23,0.6879739737786414,0.9999960484735656,0,0,0.8754840494191407,0.3274347733025583,PFN4
GO_Biological_Process_2023,Long-Chain fatty-acyl-CoA Metabolic Process (GO:0035336),1/23,0.6879739737786414,0.9999960484735656,0,0,0.8754840494191407,0.3274347733025583,ELOVL3
GO_Biological_Process_2023,Histone mRNA Metabolic Process (GO:0008334),1/23,0.6879739737786414,0.9999960484735656,0,0,0.8754840494191407,0.3274347733025583,ZNF473
GO_Biological_Process_2023,Glial Cell Development (GO:0021782),1/23,0.6879739737786414,0.9999960484735656,0,0,0.8754840494191407,0.3274347733025583,ZNF488
GO_Biological_Process_2023,Bile Acid And Bile Salt Transport (GO:0015721),1/23,0.6879739737786414,0.9999960484735656,0,0,0.8754840494191407,0.3274347733025583,SLC10A4
GO_Biological_Process_2023,"Regulation Of Nuclear-Transcribed mRNA Catabolic Process, Deadenylation-Dependent Decay (GO:1900151)",1/23,0.6879739737786414,0.9999960484735656,0,0,0.8754840494191407,0.3274347733025583,NANOS3
GO_Biological_Process_2023,Actin Nucleation (GO:0045010),1/23,0.6879739737786414,0.9999960484735656,0,0,0.8754840494191407,0.3274347733025583,MAGEL2
GO_Biological_Process_2023,Regulation Of Cellular Localization (GO:0060341),3/72,0.6964762491822748,0.9999960484735656,0,0,0.8370448921880523,0.3027772064447263,BORA;KIAA1614;KHDC3L
GO_Biological_Process_2023,Regulation Of Extracellular Matrix Organization (GO:1903053),1/23,0.6879739737786414,0.9999960484735656,0,0,0.8754840494191407,0.3274347733025583,ZNF469
GO_Biological_Process_2023,Regulation Of Double-Strand Break Repair Via Homologous Recombination (GO:0010569),3/71,0.6873727536112031,0.9999960484735656,0,0,0.8493992109038737,0.3184215464475101,INSL6;KHDC3L;TEX15
GO_Biological_Process_2023,Positive Regulation Of Lymphocyte Activation (GO:0051251),2/47,0.6815519241386443,0.9999960484735656,0,0,0.8558601240834743,0.3281220848331236,IL12B;IL12A
GO_Biological_Process_2023,Regulation Of Wound Healing (GO:0061041),2/47,0.6815519241386443,0.9999960484735656,0,0,0.8558601240834743,0.3281220848331236,GP1BA;INSL3
GO_Biological_Process_2023,Negative Regulation Of Amide Metabolic Process (GO:0034249),4/93,0.6797719472371164,0.9999960484735656,0,0,0.865225690674043,0.3339753072157963,ZAR1L;NANOS3;PRG3;ZAR1
GO_Biological_Process_2023,Negative Regulation Of Extrinsic Apoptotic Signaling Pathway (GO:2001237),3/70,0.6780661794626517,0.9999960484735656,0,0,0.8621223152530033,0.3349434734594937,IL4;CSF2;TERT
GO_Biological_Process_2023,Protein Neddylation (GO:0045116),1/22,0.6717574306416769,0.9999960484735656,0,0,0.9172220612382884,0.3649241072593078,TRIM40
GO_Biological_Process_2023,Positive Regulation Of Viral Life Cycle (GO:1903902),1/22,0.6717574306416769,0.9999960484735656,0,0,0.9172220612382884,0.3649241072593078,CLEC4G
GO_Biological_Process_2023,Placenta Development (GO:0001890),1/22,0.6717574306416769,0.9999960484735656,0,0,0.9172220612382884,0.3649241072593078,PLAC1
GO_Biological_Process_2023,Oxoacid Metabolic Process (GO:0043436),1/22,0.6717574306416769,0.9999960484735656,0,0,0.9172220612382884,0.3649241072593078,SULT1C3
GO_Biological_Process_2023,Lipid Biosynthetic Process (GO:0008610),3/71,0.6873727536112031,0.9999960484735656,0,0,0.8493992109038737,0.3184215464475101,PLA2G2C;HSD17B1;CYP17A1
GO_Biological_Process_2023,Response To Ionizing Radiation (GO:0010212),3/72,0.6964762491822748,0.9999960484735656,0,0,0.8370448921880523,0.3027772064447263,KDM4D;RAD9B;TICRR
GO_Biological_Process_2023,Regulation Of Cysteine-Type Endopeptidase Activity (GO:2000116),1/24,0.7033901197361937,0.9999960484735656,0,0,0.8373754299320928,0.2946251904059445,CSN2
GO_Biological_Process_2023,Regulation Of Cytoplasmic Translation (GO:2000765),1/24,0.7033901197361937,0.9999960484735656,0,0,0.8373754299320928,0.2946251904059445,ZCCHC13
GO_Biological_Process_2023,Regulation Of Keratinocyte Proliferation (GO:0010837),1/25,0.7180453353941368,0.9999960484735656,0,0,0.8024425287356322,0.2657870772146684,CRNN
GO_Biological_Process_2023,Regulation Of Intracellular Estrogen Receptor Signaling Pathway (GO:0033146),1/25,0.7180453353941368,0.9999960484735656,0,0,0.8024425287356322,0.2657870772146684,SRARP
GO_Biological_Process_2023,Positive Regulation Of Fat Cell Differentiation (GO:0045600),2/50,0.7140888519689434,0.9999960484735656,0,0,0.8022419627749577,0.2701532816967351,GDF3;ADIG
GO_Biological_Process_2023,Steroid Biosynthetic Process (GO:0006694),2/50,0.7140888519689434,0.9999960484735656,0,0,0.8022419627749577,0.2701532816967351,HSD17B1;CYP17A1
GO_Biological_Process_2023,Blood Circulation (GO:0008015),2/50,0.7140888519689434,0.9999960484735656,0,0,0.8022419627749577,0.2701532816967351,NPPB;TRDN
GO_Biological_Process_2023,Regulation Of Mitochondrion Organization (GO:0010821),2/50,0.7140888519689434,0.9999960484735656,0,0,0.8022419627749577,0.2701532816967351,MGARP;STOX1
GO_Biological_Process_2023,Regulation Of Epithelial Cell Migration (GO:0010632),2/50,0.7140888519689434,0.9999960484735656,0,0,0.8022419627749577,0.2701532816967351,IL4;INSL3
GO_Biological_Process_2023,Gland Development (GO:0048732),3/74,0.7140775442188426,0.9999960484735656,0,0,0.8133802816901409,0.2739169671519707,GCM2;NR0B1;FADD
GO_Biological_Process_2023,Cellular Response To Decreased Oxygen Levels (GO:0036294),3/73,0.7053774908257765,0.9999960484735656,0,0,0.8250435540069686,0.2879584927942978,ANGPT4;TERT;MGARP
GO_Biological_Process_2023,Nuclear Export (GO:0051168),2/49,0.7035654557745283,0.9999960484735656,0,0,0.8193541419159737,0.2880802981897456,POM121L2;ANKLE1
GO_Biological_Process_2023,Neurogenesis (GO:0022008),2/49,0.7035654557745283,0.9999960484735656,0,0,0.8193541419159737,0.2880802981897456,GCM2;MESP1
GO_Biological_Process_2023,Protein K48-linked Deubiquitination (GO:0071108),1/24,0.7033901197361937,0.9999960484735656,0,0,0.8373754299320928,0.2946251904059445,USP29
GO_Biological_Process_2023,Positive Regulation Of Peptidyl-Threonine Phosphorylation (GO:0010800),1/24,0.7033901197361937,0.9999960484735656,0,0,0.8373754299320928,0.2946251904059445,STOX1
GO_Biological_Process_2023,Positive Regulation Of Cell Cycle G2/M Phase Transition (GO:1902751),1/24,0.7033901197361937,0.9999960484735656,0,0,0.8373754299320928,0.2946251904059445,STOX1
GO_Biological_Process_2023,Negative Regulation Of Antigen Receptor-Mediated Signaling Pathway (GO:0050858),1/24,0.7033901197361937,0.9999960484735656,0,0,0.8373754299320928,0.2946251904059445,PVRIG
GO_Biological_Process_2023,Lipid Translocation (GO:0034204),1/24,0.7033901197361937,0.9999960484735656,0,0,0.8373754299320928,0.2946251904059445,ATP8B3
GO_Biological_Process_2023,Regulation Of Viral Life Cycle (GO:1903900),1/24,0.7033901197361937,0.9999960484735656,0,0,0.8373754299320928,0.2946251904059445,CLEC4G
GO_Biological_Process_2023,Regulation Of Ryanodine-Sensitive Calcium-Release Channel Activity (GO:0060314),1/24,0.7033901197361937,0.9999960484735656,0,0,0.8373754299320928,0.2946251904059445,TRDN
GO_Biological_Process_2023,Cell Morphogenesis Involved In Differentiation (GO:0000904),1/24,0.7033901197361937,0.9999960484735656,0,0,0.8373754299320928,0.2946251904059445,DACT2
GO_Biological_Process_2023,Regulation Of Neuroblast Proliferation (GO:1902692),1/24,0.7033901197361937,0.9999960484735656,0,0,0.8373754299320928,0.2946251904059445,NCAN
GO_Biological_Process_2023,Amyloid Fibril Formation (GO:1990000),1/24,0.7033901197361937,0.9999960484735656,0,0,0.8373754299320928,0.2946251904059445,CDSN
GO_Biological_Process_2023,Activation Of Phospholipase C Activity (GO:0007202),1/27,0.7452212183522656,0.9999960484735656,0,0,0.7406381650803557,0.2178025516622849,PTH
GO_Biological_Process_2023,Regulation Of Peptidase Activity (GO:0052547),1/27,0.7452212183522656,0.9999960484735656,0,0,0.7406381650803557,0.2178025516622849,EPPIN
GO_Biological_Process_2023,Cellular Response To Epidermal Growth Factor Stimulus (GO:0071364),1/27,0.7452212183522656,0.9999960484735656,0,0,0.7406381650803557,0.2178025516622849,KNSTRN
GO_Biological_Process_2023,Dorsal/Ventral Pattern Formation (GO:0009953),1/27,0.7452212183522656,0.9999960484735656,0,0,0.7406381650803557,0.2178025516622849,CER1
GO_Biological_Process_2023,Negative Regulation Of DNA Biosynthetic Process (GO:2000279),1/31,0.7919739409516381,0.9999960484735656,0,0,0.6417511832319135,0.1496735687954722,GDF1
GO_Biological_Process_2023,Negative Chemotaxis (GO:0050919),1/31,0.7919739409516381,0.9999960484735656,0,0,0.6417511832319135,0.1496735687954722,LRTM1
GO_Biological_Process_2023,Endodermal Cell Differentiation (GO:0035987),1/31,0.7919739409516381,0.9999960484735656,0,0,0.6417511832319135,0.1496735687954722,MIXL1
GO_Biological_Process_2023,Response To Estradiol (GO:0032355),1/31,0.7919739409516381,0.9999960484735656,0,0,0.6417511832319135,0.1496735687954722,CSN1S1
GO_Biological_Process_2023,Regulation Of Transmembrane Receptor Protein Serine/Threonine Kinase Signaling Pathway (GO:0090092),1/31,0.7919739409516381,0.9999960484735656,0,0,0.6417511832319135,0.1496735687954722,IL17F
GO_Biological_Process_2023,Regulation Of Long-Term Synaptic Potentiation (GO:1900271),1/31,0.7919739409516381,0.9999960484735656,0,0,0.6417511832319135,0.1496735687954722,AKAP5
GO_Biological_Process_2023,Actin Filament Polymerization (GO:0030041),1/31,0.7919739409516381,0.9999960484735656,0,0,0.6417511832319135,0.1496735687954722,CATIP
GO_Biological_Process_2023,Positive Regulation Of Double-Strand Break Repair (GO:2000781),3/84,0.7903870209507933,0.9999960484735656,0,0,0.7125865703101475,0.167623558556039,INSL6;KHDC3L;KDM4D
GO_Biological_Process_2023,Inorganic Anion Transport (GO:0015698),2/58,0.7874048220570214,0.9999960484735656,0,0,0.6873459028281363,0.1642844526278853,SLC17A1;SLC17A3
GO_Biological_Process_2023,Negative Regulation Of Intracellular Steroid Hormone Receptor Signaling Pathway (GO:0033144),1/31,0.7919739409516381,0.9999960484735656,0,0,0.6417511832319135,0.1496735687954722,NR0B1
GO_Biological_Process_2023,Plasma Membrane Bounded Cell Projection Organization (GO:0120036),5/132,0.7858773100432466,0.9999960484735656,0,0,0.7571724104751671,0.1824441698677317,CATIP;TSGA10IP;GPRIN1;STMND1;CFAP126
GO_Biological_Process_2023,Positive Regulation Of Phosphate Metabolic Process (GO:0045937),1/30,0.7811579362218546,0.9999960484735656,0,0,0.6639155067496678,0.1639724752358136,PTH
GO_Biological_Process_2023,Negative Regulation Of Myeloid Leukocyte Differentiation (GO:0002762),1/30,0.7811579362218546,0.9999960484735656,0,0,0.6639155067496678,0.1639724752358136,IL4
GO_Biological_Process_2023,Negative Regulation Of Calcium Ion Transmembrane Transporter Activity (GO:1901020),1/30,0.7811579362218546,0.9999960484735656,0,0,0.6639155067496678,0.1639724752358136,TRDN
GO_Biological_Process_2023,Negative Regulation Of Blood Coagulation (GO:0030195),1/30,0.7811579362218546,0.9999960484735656,0,0,0.6639155067496678,0.1639724752358136,GP1BA
GO_Biological_Process_2023,Mitotic G2 DNA Damage Checkpoint Signaling (GO:0007095),1/30,0.7811579362218546,0.9999960484735656,0,0,0.6639155067496678,0.1639724752358136,TICRR
GO_Biological_Process_2023,Innate Immune Response Activating Cell Surface Receptor Signaling Pathway (GO:0002220),1/30,0.7811579362218546,0.9999960484735656,0,0,0.6639155067496678,0.1639724752358136,CLEC6A
GO_Biological_Process_2023,Immunoglobulin Mediated Immune Response (GO:0016064),1/30,0.7811579362218546,0.9999960484735656,0,0,0.6639155067496678,0.1639724752358136,IL9R
GO_Biological_Process_2023,Extrinsic Apoptotic Signaling Pathway Via Death Domain Receptors (GO:0008625),1/30,0.7811579362218546,0.9999960484735656,0,0,0.6639155067496678,0.1639724752358136,FADD
GO_Biological_Process_2023,Negative Regulation Of Developmental Process (GO:0051093),3/109,0.9100592912687192,0.9999960484735656,0,0,0.5438046479521399,0.0512511552796754,ALPK2;MGARP;CER1
GO_Biological_Process_2023,Positive Regulation Of Protein Targeting To Mitochondrion (GO:1903955),1/30,0.7811579362218546,0.9999960484735656,0,0,0.6639155067496678,0.1639724752358136,UBL4B
GO_Biological_Process_2023,Phospholipid Translocation (GO:0045332),1/31,0.7919739409516381,0.9999960484735656,0,0,0.6417511832319135,0.1496735687954722,ATP8B3
GO_Biological_Process_2023,Positive Regulation Of G1/S Transition Of Mitotic Cell Cycle (GO:1900087),1/31,0.7919739409516381,0.9999960484735656,0,0,0.6417511832319135,0.1496735687954722,STOX1
GO_Biological_Process_2023,Positive Regulation Of Rho Protein Signal Transduction (GO:0035025),1/31,0.7919739409516381,0.9999960484735656,0,0,0.6417511832319135,0.1496735687954722,F2RL2
GO_Biological_Process_2023,Positive Regulation Of Organelle Assembly (GO:1902117),2/61,0.8103189777568162,0.9999960484735656,0,0,0.6522928675901231,0.1371950036079426,CSF2;IL5
GO_Biological_Process_2023,Autophagosome Organization (GO:1905037),2/61,0.8103189777568162,0.9999960484735656,0,0,0.6522928675901231,0.1371950036079426,RUFY4;BECN2
GO_Biological_Process_2023,Negative Regulation Of Defense Response (GO:0031348),4/112,0.8092620048476277,0.9999960484735656,0,0,0.7122941863531894,0.1507446362550378,IL4;IL13;GPR31;TRIM65
GO_Biological_Process_2023,Negative Regulation Of Transmembrane Receptor Protein Serine/Threonine Kinase Signaling Pathway (GO:0090101),4/111,0.8036936703512987,0.9999960484735656,0,0,0.718989171048003,0.1571258007729052,HTRA4;GDF3;CER1;DAND5
GO_Biological_Process_2023,Negative Regulation Of Inflammatory Response (GO:0050728),4/111,0.8036936703512987,0.9999960484735656,0,0,0.718989171048003,0.1571258007729052,IL4;IL13;GPR31;TRIM65
GO_Biological_Process_2023,Negative Regulation Of Angiogenesis (GO:0016525),3/86,0.8034325086315421,0.9999960484735656,0,0,0.6953423449897149,0.1521840817112272,NPPB;ANGPT4;IL17F
GO_Biological_Process_2023,Regulation Of Mitotic Cell Cycle Phase Transition (GO:1901990),3/86,0.8034325086315421,0.9999960484735656,0,0,0.6953423449897149,0.1521840817112272,NPM2;PLK5;UBD
GO_Biological_Process_2023,Response To Retinoic Acid (GO:0032526),2/60,0.8029372513440383,0.9999960484735656,0,0,0.6635743042184491,0.1456404328584406,STRA8;MEIOSIN
GO_Biological_Process_2023,Regulation Of Extrinsic Apoptotic Signaling Pathway (GO:2001236),2/60,0.8029372513440383,0.9999960484735656,0,0,0.6635743042184491,0.1456404328584406,IL4;FADD
GO_Biological_Process_2023,Protein Transmembrane Import Into Intracellular Organelle (GO:0044743),1/32,0.8022558876967718,0.9999960484735656,0,0,0.6210168160701433,0.1368271819296157,TOMM20L
GO_Biological_Process_2023,Negative Regulation Of Fat Cell Differentiation (GO:0045599),1/32,0.8022558876967718,0.9999960484735656,0,0,0.6210168160701433,0.1368271819296157,BBS12
GO_Biological_Process_2023,Muscle Cell Development (GO:0055001),1/32,0.8022558876967718,0.9999960484735656,0,0,0.6210168160701433,0.1368271819296157,ALPK2
GO_Biological_Process_2023,Very Long-Chain Fatty Acid Metabolic Process (GO:0000038),1/32,0.8022558876967718,0.9999960484735656,0,0,0.6210168160701433,0.1368271819296157,ELOVL3
GO_Biological_Process_2023,Glycosphingolipid Metabolic Process (GO:0006687),1/32,0.8022558876967718,0.9999960484735656,0,0,0.6210168160701433,0.1368271819296157,NEU2
GO_Biological_Process_2023,Regulation Of Transcription By RNA Polymerase I (GO:0006356),1/32,0.8022558876967718,0.9999960484735656,0,0,0.6210168160701433,0.1368271819296157,UBTFL1
GO_Biological_Process_2023,NIK/NF-kappaB Signaling (GO:0038061),1/32,0.8022558876967718,0.9999960484735656,0,0,0.6210168160701433,0.1368271819296157,TNFSF15
GO_Biological_Process_2023,Establishment Of Protein Localization To Organelle (GO:0072594),3/85,0.7969973660648082,0.9999960484735656,0,0,0.7038593099345628,0.1597084260013864,POM121L2;FAM53A;TSPAN10
GO_Biological_Process_2023,Positive Regulation Of Proteolysis (GO:0045862),2/59,0.7953013534822381,0.9999960484735656,0,0,0.6752515807284709,0.1546556888239264,FADD;TNP2
GO_Biological_Process_2023,Anterior/Posterior Pattern Specification (GO:0009952),2/59,0.7953013534822381,0.9999960484735656,0,0,0.6752515807284709,0.1546556888239264,HES3;CER1
GO_Biological_Process_2023,DNA-templated Transcription Initiation (GO:0006352),2/59,0.7953013534822381,0.9999960484735656,0,0,0.6752515807284709,0.1546556888239264,TBPL2;POLRMT
GO_Biological_Process_2023,Positive Regulation Of Extrinsic Apoptotic Signaling Pathway (GO:2001238),1/31,0.7919739409516381,0.9999960484735656,0,0,0.6417511832319135,0.1496735687954722,FADD
GO_Biological_Process_2023,DNA Geometric Change (GO:0032392),1/30,0.7811579362218546,0.9999960484735656,0,0,0.6639155067496678,0.1639724752358136,RECQL4
GO_Biological_Process_2023,Epithelial Tube Morphogenesis (GO:0060562),1/33,0.8120301209392471,0.9999960484735656,0,0,0.6015783468559838,0.1252593468340409,MESP1
GO_Biological_Process_2023,Positive Regulation Of Autophagy (GO:0010508),4/107,0.7800926011054872,0.9999960484735656,0,0,0.7470691068553763,0.1855291194727588,IL4;RUFY4;IFNB1;TRIM65
GO_Biological_Process_2023,Positive Regulation Of Interleukin-1 Beta Production (GO:0032731),2/57,0.7792412099120972,0.9999960484735656,0,0,0.6998800184586986,0.1745743208590479,NLRP2;IL17A
GO_Biological_Process_2023,Membrane Fusion (GO:0061025),1/28,0.7578114764625558,0.9999960484735656,0,0,0.713169559011344,0.1977766357268617,MYMX
GO_Biological_Process_2023,Transcription By RNA Polymerase III (GO:0006383),1/28,0.7578114764625558,0.9999960484735656,0,0,0.713169559011344,0.1977766357268617,SNAPC4
GO_Biological_Process_2023,Regulation Of Sodium Ion Transmembrane Transport (GO:1902305),1/28,0.7578114764625558,0.9999960484735656,0,0,0.713169559011344,0.1977766357268617,FXYD4
GO_Biological_Process_2023,Regulation Of Platelet Activation (GO:0010543),1/28,0.7578114764625558,0.9999960484735656,0,0,0.713169559011344,0.1977766357268617,GP1BA
GO_Biological_Process_2023,Regulation Of Nitric-Oxide Synthase Activity (GO:0050999),1/28,0.7578114764625558,0.9999960484735656,0,0,0.713169559011344,0.1977766357268617,TERT
GO_Biological_Process_2023,Regulation Of Chromosome Segregation (GO:0051983),1/28,0.7578114764625558,0.9999960484735656,0,0,0.713169559011344,0.1977766357268617,IHO1
GO_Biological_Process_2023,Protein K63-linked Ubiquitination (GO:0070534),2/54,0.7530840466450949,0.9999960484735656,0,0,0.7403748535728231,0.2099543472354451,MAGEL2;TRIM65
GO_Biological_Process_2023,Positive Regulation Of Leukocyte Chemotaxis (GO:0002690),2/54,0.7530840466450949,0.9999960484735656,0,0,0.7403748535728231,0.2099543472354451,DEFB124;IL12A
GO_Biological_Process_2023,Epidermal Cell Differentiation (GO:0009913),2/54,0.7530840466450949,0.9999960484735656,0,0,0.7403748535728231,0.2099543472354451,SCEL;CDSN
GO_Biological_Process_2023,Mucosal Immune Response (GO:0002385),1/28,0.7578114764625558,0.9999960484735656,0,0,0.713169559011344,0.1977766357268617,IL4
GO_Biological_Process_2023,Regulation Of Smooth Muscle Cell Proliferation (GO:0048660),2/54,0.7530840466450949,0.9999960484735656,0,0,0.7403748535728231,0.2099543472354451,IL12B;IL12A
GO_Biological_Process_2023,Apical Junction Assembly (GO:0043297),2/54,0.7530840466450949,0.9999960484735656,0,0,0.7403748535728231,0.2099543472354451,FRMPD2;FBF1
GO_Biological_Process_2023,Positive Regulation Of Tumor Necrosis Factor Production (GO:0032760),3/78,0.7468946780356834,0.9999960484735656,0,0,0.7698373983739838,0.2246624925165153,IL12B;FADD;IL17A
GO_Biological_Process_2023,Regulation Of Innate Immune Response (GO:0045088),3/78,0.7468946780356834,0.9999960484735656,0,0,0.7698373983739838,0.2246624925165153,IFNB1;IFNK;FADD
GO_Biological_Process_2023,Positive Regulation Of Response To Wounding (GO:1903036),1/27,0.7452212183522656,0.9999960484735656,0,0,0.7406381650803557,0.2178025516622849,INSL3
GO_Biological_Process_2023,Positive Regulation Of Calcium Ion Transmembrane Transporter Activity (GO:1901021),1/27,0.7452212183522656,0.9999960484735656,0,0,0.7406381650803557,0.2178025516622849,TRDN
GO_Biological_Process_2023,Peptide Cross-Linking (GO:0018149),1/27,0.7452212183522656,0.9999960484735656,0,0,0.7406381650803557,0.2178025516622849,TGM4
GO_Biological_Process_2023,Microtubule Polymerization Or Depolymerization (GO:0031109),1/27,0.7452212183522656,0.9999960484735656,0,0,0.7406381650803557,0.2178025516622849,STMND1
GO_Biological_Process_2023,Metallo-Sulfur Cluster Assembly (GO:0031163),1/27,0.7452212183522656,0.9999960484735656,0,0,0.7406381650803557,0.2178025516622849,IBA57
GO_Biological_Process_2023,Iron-Sulfur Cluster Assembly (GO:0016226),1/27,0.7452212183522656,0.9999960484735656,0,0,0.7406381650803557,0.2178025516622849,IBA57
GO_Biological_Process_2023,Regulation Of Myoblast Differentiation (GO:0045661),2/54,0.7530840466450949,0.9999960484735656,0,0,0.7403748535728231,0.2099543472354451,XKR8;EID2B
GO_Biological_Process_2023,Negative Regulation Of Mitotic Metaphase/Anaphase Transition (GO:0045841),1/28,0.7578114764625558,0.9999960484735656,0,0,0.713169559011344,0.1977766357268617,HASPIN
GO_Biological_Process_2023,Positive Regulation Of Fibroblast Proliferation (GO:0048146),1/28,0.7578114764625558,0.9999960484735656,0,0,0.713169559011344,0.1977766357268617,PLA2G2C
GO_Biological_Process_2023,Protein Depolymerization (GO:0051261),1/28,0.7578114764625558,0.9999960484735656,0,0,0.713169559011344,0.1977766357268617,STMND1
GO_Biological_Process_2023,Myeloid Cell Differentiation (GO:0030099),2/57,0.7792412099120972,0.9999960484735656,0,0,0.6998800184586986,0.1745743208590479,CSF2;THPO
GO_Biological_Process_2023,Monoatomic Anion Transport (GO:0006820),2/57,0.7792412099120972,0.9999960484735656,0,0,0.6998800184586986,0.1745743208590479,SLC17A1;SLC17A3
GO_Biological_Process_2023,Membrane Lipid Biosynthetic Process (GO:0046467),2/57,0.7792412099120972,0.9999960484735656,0,0,0.6998800184586986,0.1745743208590479,ELOVL3;GDF1
GO_Biological_Process_2023,Chemokine-Mediated Signaling Pathway (GO:0070098),2/57,0.7792412099120972,0.9999960484735656,0,0,0.6998800184586986,0.1745743208590479,CXCL6;THPO
GO_Biological_Process_2023,Nucleotide-Excision Repair (GO:0006289),2/56,0.7708041032118343,0.9999960484735656,0,0,0.7128783605940966,0.185577221352903,SLX4;HUS1B
GO_Biological_Process_2023,Regulation Of Mitotic Nuclear Division (GO:0007088),2/56,0.7708041032118343,0.9999960484735656,0,0,0.7128783605940966,0.185577221352903,BORA;FBXO43
GO_Biological_Process_2023,Regulation Of Blood Coagulation (GO:0030193),1/29,0.769780163470809,0.9999960484735656,0,0,0.687662996232976,0.1799272339970058,GP1BA
GO_Biological_Process_2023,Positive Regulation Of Neural Precursor Cell Proliferation (GO:2000179),1/29,0.769780163470809,0.9999960484735656,0,0,0.687662996232976,0.1799272339970058,NCAN
GO_Biological_Process_2023,Positive Regulation Of Microtubule Polymerization (GO:0031116),1/29,0.769780163470809,0.9999960484735656,0,0,0.687662996232976,0.1799272339970058,ANKRD53
GO_Biological_Process_2023,Phosphatidic Acid Biosynthetic Process (GO:0006654),1/29,0.769780163470809,0.9999960484735656,0,0,0.687662996232976,0.1799272339970058,LIPI
GO_Biological_Process_2023,Peptidyl-Tyrosine Dephosphorylation (GO:0035335),1/29,0.769780163470809,0.9999960484735656,0,0,0.687662996232976,0.1799272339970058,DUSP21
GO_Biological_Process_2023,Morphogenesis Of An Epithelium (GO:0002009),1/29,0.769780163470809,0.9999960484735656,0,0,0.687662996232976,0.1799272339970058,FLG2
GO_Biological_Process_2023,Sarcomere Organization (GO:0045214),1/29,0.769780163470809,0.9999960484735656,0,0,0.687662996232976,0.1799272339970058,MYLK3
GO_Biological_Process_2023,Response To Interferon-Beta (GO:0035456),1/29,0.769780163470809,0.9999960484735656,0,0,0.687662996232976,0.1799272339970058,IFNB1
GO_Biological_Process_2023,Response To Alcohol (GO:0097305),1/29,0.769780163470809,0.9999960484735656,0,0,0.687662996232976,0.1799272339970058,CSN1S1
GO_Biological_Process_2023,Regulation Of Voltage-Gated Calcium Channel Activity (GO:1901385),1/29,0.769780163470809,0.9999960484735656,0,0,0.687662996232976,0.1799272339970058,AKAP5
GO_Biological_Process_2023,RNA Biosynthetic Process (GO:0032774),1/29,0.769780163470809,0.9999960484735656,0,0,0.687662996232976,0.1799272339970058,TBPL2
GO_Biological_Process_2023,Regulation Of Cytokinesis (GO:0032465),3/80,0.7621387551471093,0.9999960484735656,0,0,0.7497624326892619,0.2036554552657399,MAP10;ANKRD53;TAS1R2
GO_Biological_Process_2023,Ceramide Metabolic Process (GO:0006672),2/55,0.7620871427195157,0.9999960484735656,0,0,0.7263672062063021,0.1973498799775849,GDF1;PNPLA1
GO_Biological_Process_2023,Regulation Of Bone Resorption (GO:0045124),1/28,0.7578114764625558,0.9999960484735656,0,0,0.713169559011344,0.1977766357268617,CALCA
GO_Biological_Process_2023,Protein Insertion Into Mitochondrial Membrane (GO:0051204),1/28,0.7578114764625558,0.9999960484735656,0,0,0.713169559011344,0.1977766357268617,PRICKLE4
GO_Biological_Process_2023,Negative Regulation Of Translation (GO:0017148),4/107,0.7800926011054872,0.9999960484735656,0,0,0.7470691068553763,0.1855291194727588,ZAR1L;NANOS3;PRG3;ZAR1
GO_Biological_Process_2023,Regulation Of Wnt Signaling Pathway (GO:0030111),3/109,0.9100592912687192,0.9999960484735656,0,0,0.5438046479521399,0.0512511552796754,AMER3;TERT;CER1
GO_Biological_Process_2023,Cell Cycle G1/S Phase Transition (GO:0044843),1/52,0.9282889697714832,0.9999960484735656,0,0,0.3770830847552002,0.0280595837398762,USP29
GO_Biological_Process_2023,Regulation Of Protein Localization To Plasma Membrane (GO:1903076),2/80,0.910545311559093,0.9999960484735656,0,0,0.4929064167642847,0.046191056592671,RSC1A1;AKAP5
GO_Biological_Process_2023,MAPK Cascade (GO:0000165),1/98,0.9930689855081248,0.9999960484735656,0,0,0.197779218335041,0.0013755832481531,IL31RA
GO_Biological_Process_2023,Positive Regulation Of I-kappaB kinase/NF-kappaB Signaling (GO:0043123),3/175,0.9928908233548638,0.9999960484735656,0,0,0.3339655416903006,0.002382699616545,UBD;CLEC6A;FADD
GO_Biological_Process_2023,Protein Stabilization (GO:0050821),4/208,0.9927950599233676,0.9999960484735656,0,0,0.3751820158378712,0.0027129490380676,C10ORF90;SWSAP1;ASDURF;USP29
GO_Biological_Process_2023,Positive Regulation Of Apoptotic Process (GO:0043065),6/270,0.9927462211221956,0.9999960484735656,0,0,0.4343666017977944,0.0031622824465742,PXT1;IFNB1;UBD;HTRA4;PNMA5;FADD
GO_Biological_Process_2023,Regulation Of Canonical Wnt Signaling Pathway (GO:0060828),4/207,0.9925167156267628,0.9999960484735656,0,0,0.3770502483099389,0.0028321845186197,SCEL;AMER3;TLE7;TLE6
GO_Biological_Process_2023,Regulation Of Cell Cycle (GO:0051726),7/298,0.9923481171467984,0.9999960484735656,0,0,0.459548355424644,0.0035299327869066,BTG4;ZNRF4;NANOS3;ESX1;INSM2;BIRC7;SCAND3
GO_Biological_Process_2023,Neuron Differentiation (GO:0030182),3/173,0.9922883396947972,0.9999960484735656,0,0,0.3379304160688666,0.0026161048466201,BTG4;NOTO;INSM2
GO_Biological_Process_2023,Potassium Ion Transmembrane Transport (GO:0071805),2/137,0.9922323538313358,0.9999960484735656,0,0,0.2839330701259635,0.0022141019807206,KCNK9;KCNK18
GO_Biological_Process_2023,Generation Of Neurons (GO:0048699),3/172,0.991968867917944,0.9999960484735656,0,0,0.3399480444508587,0.0027411898681206,BTG4;NOTO;INSM2
GO_Biological_Process_2023,Phosphatidylinositol Biosynthetic Process (GO:0006661),1/98,0.9930689855081248,0.9999960484735656,0,0,0.197779218335041,0.0013755832481531,P3R3URF
GO_Biological_Process_2023,Regulation Of Angiogenesis (GO:0045765),4/205,0.991928763199586,0.9999960484735656,0,0,0.3808424813875687,0.0030863419722971,NPPB;ANGPT4;ADM2;IL17F
GO_Biological_Process_2023,Negative Regulation Of Programmed Cell Death (GO:0043069),10/381,0.9918625134603156,0.9999960484735656,0,0,0.5143088888091881,0.0042023030362106,TNFSF18;IL4;ANGPT4;NKX2-6;CDSN;KHDC3L;IL31RA;BIRC7;FATE1;IL2
GO_Biological_Process_2023,Peptidyl-Lysine Modification (GO:0018205),1/94,0.9915059127798368,0.9999960484735656,0,0,0.2063294728347401,0.0017600662439577,EID3
GO_Biological_Process_2023,"Retrograde Transport, Endosome To Golgi (GO:0042147)",1/94,0.9915059127798368,0.9999960484735656,0,0,0.2063294728347401,0.0017600662439577,MAGEL2
GO_Biological_Process_2023,Antigen Receptor-Mediated Signaling Pathway (GO:0050851),2/134,0.9911247665831432,0.9999960484735656,0,0,0.2904322411936625,0.0025891607066664,IGHE;BTNL2
GO_Biological_Process_2023,Positive Regulation Of Protein Kinase B Signaling (GO:0051897),1/93,0.9910629367943522,0.9999960484735656,0,0,0.2085832083958021,0.0018725011669476,THPO
GO_Biological_Process_2023,Regulation Of Peptidyl-Serine Phosphorylation (GO:0033135),1/93,0.9910629367943522,0.9999960484735656,0,0,0.2085832083958021,0.0018725011669476,STOX1
GO_Biological_Process_2023,Regulation Of Translation (GO:0006417),4/202,0.9909631153150223,0.9999960484735656,0,0,0.386674476196348,0.0035102173639149,ZAR1L;NANOS3;PRG3;ZAR1
GO_Biological_Process_2023,Positive Regulation Of Cell Population Proliferation (GO:0008284),14/483,0.9905373509163808,0.9999960484735656,0,0,0.5689128867481708,0.0054090555572157,IL21;NKX2-6;CSF2;PLA2G2C;IL31RA;IL2;IL4;IL3;TERT;THPO;GHRH;FGF19;IL9;SCAND3
GO_Biological_Process_2023,Epithelial Cell Differentiation (GO:0030855),2/132,0.9903021115052012,0.9999960484735656,0,0,0.2949316673174541,0.0028741737675968,MESP1;KRT9
GO_Biological_Process_2023,T Cell Receptor Signaling Pathway (GO:0050852),1/95,0.9919269464232924,0.9999960484735656,0,0,0.2041236890941263,0.001654589295183,BTNL2
GO_Biological_Process_2023,Circulatory System Development (GO:0072359),2/132,0.9903021115052012,0.9999960484735656,0,0,0.2949316673174541,0.0028741737675968,PRICKLE4;MIXL1
GO_Biological_Process_2023,Axon Development (GO:0061564),1/99,0.993412584197404,0.9999960484735656,0,0,0.1957507140787349,0.0012937572998536,MGARP
GO_Biological_Process_2023,Protein Complex Oligomerization (GO:0051259),1/100,0.9937391587116412,0.9999960484735656,0,0,0.1937631897063945,0.0012169340814712,WDCP
GO_Biological_Process_2023,Transcription By RNA Polymerase II (GO:0006366),3/192,0.9964684588389064,0.9999960484735656,0,0,0.303652084139889,0.0010742578451592,GCM2;SNAPC4;FAM170A
GO_Biological_Process_2023,Cytoskeleton Organization (GO:0007010),1/111,0.996421571290367,0.9999960484735656,0,0,0.1742854508574589,0.0006247866060868501,MRAP
GO_Biological_Process_2023,RNA Metabolic Process (GO:0016070),1/111,0.996421571290367,0.9999960484735656,0,0,0.1742854508574589,0.0006247866060868501,ADAD2
GO_Biological_Process_2023,Protein Polyubiquitination (GO:0000209),4/226,0.9963922099646376,0.9999960484735656,0,0,0.344431919203028,0.0012448850406259,C10ORF90;MAGEL2;MKRN3;TRIM65
GO_Biological_Process_2023,Positive Regulation Of Protein Modification Process (GO:0031401),4/225,0.996249218415986,0.9999960484735656,0,0,0.3460088472355841,0.0013002436042236,THPO;ODAM;FGF19;FAM47E
GO_Biological_Process_2023,Sensory Perception Of Chemical Stimulus (GO:0007606),1/110,0.9962348716643528,0.9999960484735656,0,0,0.1758937045238848,0.0006635122606905994,GFY
GO_Biological_Process_2023,Intracellular Monoatomic Cation Homeostasis (GO:0030003),3/190,0.9961627178281758,0.9999960484735656,0,0,0.3069323072909873,0.0011800514166362,GCM2;SPPL2C;TRDN
GO_Biological_Process_2023,Protein Ubiquitination (GO:0016567),11/434,0.996107857054184,0.9999960484735656,0,0,0.4953154671937371,0.0019316000766031,TRIM60;C10ORF90;TRIM61;TRIM40;RFPL4B;TRIML2;UBD;MKRN3;RNF151;BIRC7;FANCE
GO_Biological_Process_2023,Positive Regulation Of NF-kappaB Transcription Factor Activity (GO:0051092),2/152,0.9960330475138262,0.9999960484735656,0,0,0.255336717428088,0.0010149230353512,TNFSF18;CRNN
GO_Biological_Process_2023,Negative Regulation Of Cytokine Production (GO:0001818),3/178,0.993709966501798,0.9999960484735656,0,0,0.3281881533101045,0.0020708341352626,IL23R;IL12B;IL12A
GO_Biological_Process_2023,Axon Guidance (GO:0007411),2/149,0.995459324403707,0.9999960484735656,0,0,0.2605891087399427,0.0011859451450692,EPHA10;LRTM1
GO_Biological_Process_2023,Response To Calcium Ion (GO:0051592),1/106,0.9953854819582598,0.9999960484735656,0,0,0.1826330532212885,0.0008447139954917125,KCNMB3
GO_Biological_Process_2023,Cellular Response To Organonitrogen Compound (GO:0071417),1/105,0.9951447452799884,0.9999960484735656,0,0,0.1843988921828678,0.0008974841159942486,DEFB124
GO_Biological_Process_2023,Regulation Of Neuron Apoptotic Process (GO:0043523),1/105,0.9951447452799884,0.9999960484735656,0,0,0.1843988921828678,0.0008974841159942486,PLA2G3
GO_Biological_Process_2023,Positive Regulation Of Cellular Catabolic Process (GO:0031331),2/146,0.9948043320734528,0.9999960484735656,0,0,0.2660603496897913,0.0013859648579548,IFNB1;TRIM65
GO_Biological_Process_2023,Inorganic Cation Import Across Plasma Membrane (GO:0098659),1/103,0.994624957220267,0.9999960484735656,0,0,0.1880344429861194,0.0010134192073884,KCNK9
GO_Biological_Process_2023,Protein Catabolic Process (GO:0030163),1/102,0.9943445640519828,0.9999960484735656,0,0,0.1899062117165063,0.0010770508915004,NEU2
GO_Biological_Process_2023,Sensory Perception Of Light Stimulus (GO:0050953),1/102,0.9943445640519828,0.9999960484735656,0,0,0.1899062117165063,0.0010770508915004,GPR179
GO_Biological_Process_2023,Visual Perception (GO:0007601),1/101,0.9940495515902324,0.9999960484735656,0,0,0.191815415821501,0.0011447971522281,GPR179
GO_Biological_Process_2023,Positive Regulation Of Programmed Cell Death (GO:0043068),5/245,0.9940493489497731,0.9999960484735656,0,0,0.3982730821452817,0.0023770637081876,PXT1;UBD;HTRA4;PNMA5;FADD
GO_Biological_Process_2023,Positive Regulation Of Cell Growth (GO:0030307),1/106,0.9953854819582598,0.9999960484735656,0,0,0.1826330532212885,0.0008447139954917125,IL2
GO_Biological_Process_2023,Membrane Organization (GO:0061024),3/167,0.9901699205798938,0.9999960484735656,0,0,0.3504052647233789,0.0034615532653648,GLTPD2;RTP3;TRDN
GO_Biological_Process_2023,Regulation Of Actin Cytoskeleton Organization (GO:0032956),1/91,0.9901065289549792,0.9999960484735656,0,0,0.2132409285553301,0.0021201983929562,ODAM
GO_Biological_Process_2023,Regulation Of Epithelial Cell Proliferation (GO:0050678),1/91,0.9901065289549792,0.9999960484735656,0,0,0.2132409285553301,0.0021201983929562,SCAND3
GO_Biological_Process_2023,Calcium Ion Transmembrane Import Into Cytosol (GO:0097553),1/83,0.9851430365736368,0.9999960484735656,0,0,0.2341438678078464,0.0035047669280901,GP1BA
GO_Biological_Process_2023,Protein Localization To Nucleus (GO:0034504),2/122,0.9849363641756662,0.9999960484735656,0,0,0.3196785109983079,0.0048521586955807,POM121L2;FAM53A
GO_Biological_Process_2023,Positive Regulation Of Macromolecule Biosynthetic Process (GO:0010557),2/122,0.9849363641756662,0.9999960484735656,0,0,0.3196785109983079,0.0048521586955807,IL4;PTH
GO_Biological_Process_2023,Negative Regulation Of Apoptotic Signaling Pathway (GO:2001234),1/82,0.984368571753904,0.9999960484735656,0,0,0.2370470538151403,0.0037346496108299,IL4
GO_Biological_Process_2023,Positive Regulation Of Growth (GO:0045927),1/81,0.9835537712148746,0.9999960484735656,0,0,0.2400228194726166,0.0039802910520917,IL2
GO_Biological_Process_2023,Macromolecule Modification (GO:0043412),1/81,0.9835537712148746,0.9999960484735656,0,0,0.2400228194726166,0.0039802910520917,C20ORF173
GO_Biological_Process_2023,Cellular Response To Interleukin-1 (GO:0071347),1/81,0.9835537712148746,0.9999960484735656,0,0,0.2400228194726166,0.0039802910520917,MYLK3
GO_Biological_Process_2023,Epithelium Development (GO:0060429),3/154,0.9834899569575488,0.9999960484735656,0,0,0.3808350831852689,0.0063400863822953,NKX2-6;MANSC4;KRT9
GO_Biological_Process_2023,Positive Regulation Of Angiogenesis (GO:0045766),2/119,0.9828258149115372,0.9999960484735656,0,0,0.3279274588919258,0.0056808093532741,ANGPT4;ADM2
GO_Biological_Process_2023,Vesicle-Mediated Transport To The Plasma Membrane (GO:0098876),1/83,0.9851430365736368,0.9999960484735656,0,0,0.2341438678078464,0.0035047669280901,C2CD6
GO_Biological_Process_2023,Cellular Response To Tumor Necrosis Factor (GO:0071356),2/119,0.9828258149115372,0.9999960484735656,0,0,0.3279274588919258,0.0056808093532741,TNFSF18;OCSTAMP
GO_Biological_Process_2023,Negative Regulation Of Protein Serine/Threonine Kinase Activity (GO:0071901),1/80,0.9826965365962836,0.9999960484735656,0,0,0.2430739209695226,0.0042428353573378,INCA1
GO_Biological_Process_2023,Wound Healing (GO:0042060),1/80,0.9826965365962836,0.9999960484735656,0,0,0.2430739209695226,0.0042428353573378,ODAM
GO_Biological_Process_2023,Phosphate-Containing Compound Metabolic Process (GO:0006796),4/184,0.9824092760845684,0.9999960484735656,0,0,0.425748841415169,0.0075558836280661,PLA2G2C;PLA2G3;TRH;OC90
GO_Biological_Process_2023,Regulation Of Protein Binding (GO:0043393),2/118,0.9820604606693252,0.9999960484735656,0,0,0.3307719236828286,0.0059877668664406,TERT;EFHB
GO_Biological_Process_2023,Positive Regulation Of Protein Localization To Membrane (GO:1905477),1/79,0.981794660227688,0.9999960484735656,0,0,0.2462032558381442,0.0045235160871999,AKAP5
GO_Biological_Process_2023,Positive Regulation Of Cytoskeleton Organization (GO:0051495),1/79,0.981794660227688,0.9999960484735656,0,0,0.2462032558381442,0.0045235160871999,MYLK3
GO_Biological_Process_2023,Cellular Response To UV (GO:0034644),1/79,0.981794660227688,0.9999960484735656,0,0,0.2462032558381442,0.0045235160871999,GDF1
GO_Biological_Process_2023,Long-Chain Fatty Acid Metabolic Process (GO:0001676),1/78,0.9808458198180736,0.9999960484735656,0,0,0.2494138721319248,0.0048236638159211,ELOVL3
GO_Biological_Process_2023,Positive Regulation Of Protein Phosphorylation (GO:0001934),11/377,0.9808014083562082,0.9999960484735656,0,0,0.5742100017916331,0.0111312204434693,IL3;ANGPT4;IL5;THPO;ODAM;CLEC6A;FGF19;GDF1;GDF3;STOX1;BMP15
GO_Biological_Process_2023,Regulation Of Cellular Component Organization (GO:0051128),3/153,0.9828258108915552,0.9999960484735656,0,0,0.3833943089430894,0.0066416837975128,BBS10;ZNF469;ERMN
GO_Biological_Process_2023,Regulation Of Cell Motility (GO:2000145),2/123,0.9855821062202436,0.9999960484735656,0,0,0.3170197591978856,0.0046040277413658,CORT;FGF19
GO_Biological_Process_2023,Regulation Of Cysteine-Type Endopeptidase Activity Involved In Apoptotic Process (GO:0043281),1/84,0.98587916054735,0.9999960484735656,0,0,0.2313106380898849,0.003289581259347,NLRP2
GO_Biological_Process_2023,Peptide Biosynthetic Process (GO:0043043),3/158,0.9859087529336388,0.9999960484735656,0,0,0.3709284028324154,0.0052640197926061,ZAR1L;ASMT;ZAR1
GO_Biological_Process_2023,Regulation Of Phosphatidylinositol 3-Kinase Signaling (GO:0014066),1/90,0.9895906311865924,0.9999960484735656,0,0,0.2156482895366593,0.0022565275759036,CRNN
GO_Biological_Process_2023,Golgi Organization (GO:0007030),2/130,0.9894051395371768,0.9999960484735656,0,0,0.2995717005076142,0.0031908536975787,SPTBN5;ATP8B3
GO_Biological_Process_2023,Positive Regulation Of DNA Repair (GO:0045739),1/89,0.9890478530719412,0.9999960484735656,0,0,0.218110363267564,0.0024019541643342,KHDC3L
GO_Biological_Process_2023,Regulation Of Vesicle-Mediated Transport (GO:0060627),1/89,0.9890478530719412,0.9999960484735656,0,0,0.218110363267564,0.0024019541643342,PLA2G3
GO_Biological_Process_2023,Cellular Response To Peptide Hormone Stimulus (GO:0071375),1/89,0.9890478530719412,0.9999960484735656,0,0,0.218110363267564,0.0024019541643342,MGARP
GO_Biological_Process_2023,Cellular Response To Chemical Stress (GO:0062197),1/89,0.9890478530719412,0.9999960484735656,0,0,0.218110363267564,0.0024019541643342,STOX1
GO_Biological_Process_2023,ERAD Pathway (GO:0036503),1/89,0.9890478530719412,0.9999960484735656,0,0,0.218110363267564,0.0024019541643342,UBXN10
GO_Biological_Process_2023,Positive Regulation Of Protein Metabolic Process (GO:0051247),4/196,0.9886901111365076,0.9999960484735656,0,0,0.3988852153272296,0.0045370528745517,IL23R;IL12B;IL17F;FADD
GO_Biological_Process_2023,Regulation Of Endothelial Cell Migration (GO:0010594),1/88,0.9884767953854764,0.9999960484735656,0,0,0.2206290363945816,0.0025571150699761,ANGPT4
GO_Biological_Process_2023,Nitrogen Compound Transport (GO:0071705),3/163,0.9884567318158588,0.9999960484735656,0,0,0.3592416158536585,0.0041709420491133,SLC19A3;SLC17A1;SLC17A3
GO_Biological_Process_2023,Positive Regulation Of Intracellular Protein Transport (GO:0090316),2/126,0.9873618174084046,0.9999960484735656,0,0,0.3093008023579499,0.003933911456682,UBL4B;AKAP5
GO_Biological_Process_2023,Negative Regulation Of Binding (GO:0051100),1/86,0.987243877330415,0.9999960484735656,0,0,0.2258441713399355,0.0028994282537899,EFHB
GO_Biological_Process_2023,Exocytosis (GO:0006887),1/86,0.987243877330415,0.9999960484735656,0,0,0.2258441713399355,0.0028994282537899,NLRP5
GO_Biological_Process_2023,Negative Regulation Of Cell Growth (GO:0030308),2/125,0.9867937679226954,0.9999960484735656,0,0,0.3118319508068177,0.0041455593726288,NPPB;TP53TG5
GO_Biological_Process_2023,Positive Regulation Of Endothelial Cell Migration (GO:0010595),1/85,0.986578840014513,0.9999960484735656,0,0,0.228544866222351,0.0030881068697654,ANGPT4
GO_Biological_Process_2023,Positive Regulation Of Canonical Wnt Signaling Pathway (GO:0090263),1/85,0.986578840014513,0.9999960484735656,0,0,0.228544866222351,0.0030881068697654,SCEL
GO_Biological_Process_2023,Nuclear-Transcribed mRNA Catabolic Process (GO:0000956),1/85,0.986578840014513,0.9999960484735656,0,0,0.228544866222351,0.0030881068697654,PABPN1L
GO_Biological_Process_2023,Response To Interleukin-1 (GO:0070555),1/85,0.986578840014513,0.9999960484735656,0,0,0.228544866222351,0.0030881068697654,MYLK3
GO_Biological_Process_2023,Regulation Of DNA Metabolic Process (GO:0051052),2/124,0.986200878895208,0.9999960484735656,0,0,0.3144045934925522,0.0043687191087934,EID3;STOX1
GO_Biological_Process_2023,Neuron Projection Guidance (GO:0097485),2/124,0.986200878895208,0.9999960484735656,0,0,0.3144045934925522,0.0043687191087934,EPHA10;LRTM1
GO_Biological_Process_2023,Negative Regulation Of Growth (GO:0045926),2/124,0.986200878895208,0.9999960484735656,0,0,0.3144045934925522,0.0043687191087934,NPPB;TP53TG5
GO_Biological_Process_2023,Modification-Dependent Protein Catabolic Process (GO:0019941),3/192,0.9964684588389064,0.9999960484735656,0,0,0.303652084139889,0.0010742578451592,ZNRF4;UBQLNL;UBD
GO_Biological_Process_2023,Neuron Projection Development (GO:0031175),3/192,0.9964684588389064,0.9999960484735656,0,0,0.303652084139889,0.0010742578451592,GPRIN1;STMND1;MGARP
GO_Biological_Process_2023,Cellular Response To Growth Factor Stimulus (GO:0071363),2/155,0.9965353718271706,0.9999960484735656,0,0,0.2502903022461099,0.0008686685096848081,PLK5;KNSTRN
GO_Biological_Process_2023,Calcium Ion Transport (GO:0006816),1/112,0.996599014674236,0.9999960484735656,0,0,0.1727061747345723,0.000588372256740404,CSN2
GO_Biological_Process_2023,Regulation Of Autophagy (GO:0010506),2/241,0.9999325383070876,0.9999960484735656,0,0,0.159497058386254,1.0760304531543244e-05,IFNB1;TRIM65
GO_Biological_Process_2023,Monoatomic Cation Transmembrane Transport (GO:0098655),3/281,0.99992121268031,0.9999960484735656,0,0,0.2054636778382172,1.6188570205952508e-05,KCNK9;CNGB3;KCNK18
GO_Biological_Process_2023,Regulation Of Apoptotic Process (GO:0042981),16/705,0.9999154413294008,0.9999960484735656,0,0,0.4382297064806829,3.705768819363889e-05,PXT1;TNFSF18;ANGPT4;NKX2-6;PLK5;KHDC3L;HTRA4;IL31RA;PNMA5;IL2;IL4;UBD;BIRC7;ALPK2;FADD;FATE1
GO_Biological_Process_2023,Endosomal Transport (GO:0016197),1/180,0.999890821976008,0.9999960484735656,0,0,0.1067118428955092,1.1651224184269163e-05,MAGEL2
GO_Biological_Process_2023,Positive Regulation Of Hydrolase Activity (GO:0051345),1/176,0.999866815597922,0.9999960484735656,0,0,0.1091741524195885,1.4541262568562682e-05,ODAM
GO_Biological_Process_2023,Chromatin Organization (GO:0006325),3/268,0.9998625674537678,0.9999960484735656,0,0,0.215692590888173,2.964521912482396e-05,NPM2;KDM4D;HDGFL1
GO_Biological_Process_2023,Positive Regulation Of Cellular Biosynthetic Process (GO:0031328),1/174,0.9998528434102132,0.9999960484735656,0,0,0.1104480061907162,1.625434793630658e-05,PTH
GO_Biological_Process_2023,Negative Regulation Of Cellular Process (GO:0048523),11/537,0.9998469043309428,0.9999960484735656,0,0,0.3961170759832949,6.064845139877361e-05,BTG4;NPPB;DEFB118;ZNRF4;FABP7;INCA1;DACT2;IFNK;TP53TG5;CER1;SLURP1
GO_Biological_Process_2023,Cell-Cell Adhesion Via Plasma-Membrane Adhesion Molecules (GO:0098742),1/172,0.9998373690874014,0.9999960484735656,0,0,0.1117516577108762,1.817575208756514e-05,CEACAM19
GO_Biological_Process_2023,Protein Localization To Membrane (GO:0072657),1/192,0.9999393438261268,0.9999960484735656,0,0,0.0999437146225162,6.062387194140056e-06,MADCAM1
GO_Biological_Process_2023,Cellular Response To Oxygen-Containing Compound (GO:1901701),7/406,0.9998236572162664,0.9999960484735656,0,0,0.3332259219477264,5.87671684238243e-05,STRA8;CXCL6;MEIOSIN;IL36A;IL36B;GDF1;DEFB124
GO_Biological_Process_2023,Nervous System Development (GO:0007399),8/433,0.999784174307712,0.9999960484735656,0,0,0.3573971038875203,7.714380247504383e-05,MESP1;IL3;PSPN;FABP7;FGF19;NOTO;CER1;GFRA4
GO_Biological_Process_2023,Regulation Of GTPase Activity (GO:0043087),2/214,0.9997685401971288,0.9999960484735656,0,0,0.1800689589119816,4.1683549952214045e-05,MRAP;ODAM
GO_Biological_Process_2023,Regulation Of Nucleic Acid-Templated Transcription (GO:1903506),9/452,0.999665927692674,0.9999960484735656,0,0,0.385755238266698,0.00012889167327907166,NFILZ;RHOXF1;ZNF280B;PERM1;ZNF280C;ZNF648;ZNF713;IFNK;ZNF488
GO_Biological_Process_2023,Negative Regulation Of Apoptotic Process (GO:0043066),10/482,0.9996571806882032,0.9999960484735656,0,0,0.4020652984750967,0.00013785938070001044,TNFSF18;IL4;ANGPT4;NKX2-6;KHDC3L;IL31RA;PLA2G3;BIRC7;FATE1;IL2
GO_Biological_Process_2023,Transmembrane Receptor Protein Tyrosine Kinase Signaling Pathway (GO:0007169),4/284,0.9996466490191828,0.9999960484735656,0,0,0.2722424066269437,9.621412107996132e-05,EPHA10;FGF19;IL31RA;SH2D6
GO_Biological_Process_2023,Central Nervous System Development (GO:0007417),4/283,0.999631895291212,0.9999960484735656,0,0,0.2732327707223516,0.00010059678570946976,FOXR1;PSPN;NOTO;JHY
GO_Biological_Process_2023,Organic Substance Transport (GO:0071702),2/201,0.999578189737924,0.9999960484735656,0,0,0.1919649006453587,8.098984742606295e-05,CSN2;SLC17A3
GO_Biological_Process_2023,Regulation Of Gene Expression (GO:0010468),34/1127,0.999569985419701,0.9999960484735656,0,0,0.5849299510670306,0.0002515825033622701,RHOXF1;CSF2;PTH;PERM1;PLA2G3;NKAPL;IL36A;RFPL4B;IL36B;TERT;ZNF280B;ZNF648;ZNF280C;IL12B;SRY;ZNF488;STOX1;ODAM;IL13;BTNL2;CTCFL;CRNN;IL4;NFILZ;LITAFD;TRIML2;H1-8;DPPA3;FGF19;ADM2;ZNF713;IFNK;ALPK2;DPPA5
GO_Biological_Process_2023,Cellular Response To Organic Cyclic Compound (GO:0071407),1/152,0.9995543377419852,0.9999960484735656,0,0,0.1266875327431726,5.647243665635987e-05,MGARP
GO_Biological_Process_2023,Regulation Of Intracellular Signal Transduction (GO:1902531),4/297,0.9997925886612572,0.9999960484735656,0,0,0.2599828483537544,5.392898356193989e-05,CRNN;MRAP;CLEC6A;AKAP5
GO_Biological_Process_2023,Negative Regulation Of DNA-templated Transcription (GO:0045892),27/1025,0.999939734740483,0.9999960484735656,0,0,0.507687249498998,3.0596825816597203e-05,MESP1;CALCA;MAGEL2;CSF2;MAGEB18;MAGEB16;MBD3L1;INSL6;ZFP57;ZNF469;SRY;EID2B;ESX1;ZNF180;PASD1;NR0B1;ZNF77;TLE6;FAM220A;IL4;RIPPLY1;RIPPLY3;RIPPLY2;ZGLP1;ZNF239;ZNF778;INSM2
GO_Biological_Process_2023,Regulation Of ERK1 And ERK2 Cascade (GO:0070372),2/244,0.9999409955973128,0.9999960484735656,0,0,0.1574946511725468,9.293151989992214e-06,THPO;FGF19
GO_Biological_Process_2023,Regulation Of Signal Transduction (GO:0009966),1/193,0.9999421991586168,0.9999960484735656,0,0,0.0994178921568627,5.746603896079237e-06,RGS20
GO_Biological_Process_2023,Protein Localization (GO:0008104),2/351,0.9999956865587428,0.9999960484735656,0,0,0.1085858071647782,4.683795107327341e-07,RTP3;NR0B1
GO_Biological_Process_2023,Positive Regulation Of Intracellular Signal Transduction (GO:1902533),5/525,0.999995398230408,0.9999960484735656,0,0,0.1810766880777064,8.332751142764697e-07,THPO;CLEC6A;UBD;IL12B;FADD
GO_Biological_Process_2023,Protein Phosphorylation (GO:0006468),5/500,0.999995347336604,0.9999960484735656,0,0,0.190479129379333,8.862373346485217e-07,CSF2;EPHA10;ADM2;HASPIN;MYLK3
GO_Biological_Process_2023,Regulation Of Cell Migration (GO:0030334),4/434,0.9999951997948856,0.9999960484735656,0,0,0.1758546452482907,8.441403935169184e-07,IL4;CORT;FGF19;SLURP1
GO_Biological_Process_2023,Protein Modification Process (GO:0036211),11/711,0.999994748855538,0.9999960484735656,0,0,0.2948521662763466,1.5483153853119231e-06,FAM220A;CSF2;PP2D1;EPHA10;ADM2;GALNTL5;C20ORF173;PPEF1;HASPIN;TGM4;MYLK3
GO_Biological_Process_2023,Positive Regulation Of Transcription By RNA Polymerase II (GO:0045944),15/938,0.9999946063225278,0.9999960484735656,0,0,0.3024557602022391,1.6313532196433698e-06,MESP1;ASCL3;NKX2-6;SPAG8;PTH;IFNB1;CTCFL;IL4;FOXR1;ZGLP1;SRY;FADD;INSL3;MIXL1;IL17A
GO_Biological_Process_2023,Positive Regulation Of DNA-templated Transcription (GO:0045893),20/1243,0.9999941888221656,0.9999960484735656,0,0,0.3008520759892478,1.7483099952911604e-06,MESP1;ASCL3;NKX2-6;SPAG8;PTH;IFNB1;IL31RA;CTCFL;IL4;FOXR1;UBTFL1;TERT;ZGLP1;WBP2NL;FAM170A;SRY;FADD;INSL3;MIXL1;IL17A
GO_Biological_Process_2023,Positive Regulation Of MAPK Cascade (GO:0043410),2/310,0.9999938198525712,0.9999960484735656,0,0,0.1233106994528314,7.620806570564644e-07,THPO;FGF19
GO_Biological_Process_2023,Positive Regulation Of Nucleic Acid-Templated Transcription (GO:1903508),8/557,0.9999934590855856,0.9999960484735656,0,0,0.2748278511770867,1.7976313323344411e-06,IL4;MESP1;WBP2NL;IL31RA;FAM170A;SRY;INSL3;CTCFL
GO_Biological_Process_2023,Phosphorylation (GO:0016310),5/429,0.999991869436097,0.9999960484735656,0,0,0.2232280098374514,1.8149769773328588e-06,CSF2;EPHA10;ADM2;HASPIN;MYLK3
GO_Biological_Process_2023,Positive Regulation Of GTPase Activity (GO:0043547),1/234,0.999989834349997,0.9999960484735656,0,0,0.0817452924635889,8.309982564037764e-07,ODAM
GO_Biological_Process_2023,Inorganic Cation Transmembrane Transport (GO:0098662),2/284,0.9999880570219573,0.9999960484735656,0,0,0.1348669762753357,1.610722954796293e-06,KCNK9;KCNK18
GO_Biological_Process_2023,Vesicle-Mediated Transport (GO:0016192),5/411,0.9999874944587228,0.9999960484735656,0,0,0.2333505563191636,2.918193260908817e-06,C2CD6;EQTN;BECN2;NLRP5;ENTHD1
GO_Biological_Process_2023,Intracellular Protein Transport (GO:0006886),3/325,0.9999857873041216,0.9999960484735656,0,0,0.1769712922284502,2.515257029988596e-06,POM121L2;ANKLE1;FAM53A
GO_Biological_Process_2023,Ubiquitin-Dependent Protein Catabolic Process (GO:0006511),4/367,0.9999857616716882,0.9999960484735656,0,0,0.2090637252017072,2.9767391494593712e-06,ZNRF4;UBQLNL;UBD;UBAP1L
GO_Biological_Process_2023,Positive Regulation Of Cell Motility (GO:2000147),1/221,0.9999835721314378,0.9999960484735656,0,0,0.0866356260372487,1.4232503678566862e-06,IL4
GO_Biological_Process_2023,Regulation Of DNA-templated Transcription (GO:0006355),60/1922,0.999976873511918,0.9999960484735656,0,0,0.5961853315674762,1.378783239791218e-05,MESP2;MESP1;RHOXF1;CSF2;SPIC;MEIOSIN;ZNF408;ZNF280B;ZNF648;ZNF280C;DMRTB1;FAM170A;ZNF446;INSL3;ZNF488;EID2B;NKX2-6;FIGLA;ESX1;KLF18;PROX2;ETV2;POU5F2;KLF17;RIPPLY1;NFILZ;ETV3L;DMRTA1;ZFP42;ZNF878;ZNF713;IFNK;ZNF239;NOBOX;ZNF510;ZNF597;GCM2;CALCA;ASCL3;MAGEL2;ASCL4;PERM1;DBX2;PRDM14;STRA8;WBP2NL;SOHLH2;ZSCAN12;SRY;HES3;BHLHA9;IL31RA;PASD1;NR0B1;CTCFL;IL4;FOXR1;ZGLP1;ZNF853;MIXL1
GO_Biological_Process_2023,Regulation Of Transcription By RNA Polymerase II (GO:0006357),65/2028,0.9999692489194102,0.9999960484735656,0,0,0.6123313844076367,1.8830141274667828e-05,MESP2;MESP1;RHOXF1;MAGEB18;MAGEB16;MBD3L1;SPIC;INSL6;MEIOSIN;ZNF408;DMRTB1;ZNF446;INSL3;NKX2-6;FIGLA;ESX1;KLF18;PROX2;ETV2;TLE6;POU5F2;KLF17;RIPPLY1;RIPPLY3;RIPPLY2;ETV3L;DMRTA1;ZFP42;ZNF878;ZNF239;NOBOX;ZNF510;ZNF597;GCM2;ASCL3;MAGEL2;ASCL4;PTH;DBX2;PRDM14;STRA8;ZFP57;SOHLH2;ZSCAN12;ZNF469;SRY;FADD;HES3;BHLHA9;SPAG8;IFNB1;ZNF180;PASD1;NR0B1;ZNF77;CTCFL;FAM220A;IL4;FOXR1;ZGLP1;ZNF778;INSM2;ZNF853;MIXL1;IL17A
GO_Biological_Process_2023,Regulation Of MAPK Cascade (GO:0043408),1/204,0.9999656054837308,0.9999960484735656,0,0,0.0939757591502712,3.2323063641392253e-06,THPO
GO_Biological_Process_2023,Golgi Vesicle Transport (GO:0048193),1/197,0.9999522654737608,0.9999960484735656,0,0,0.0973682576478867,4.647938584001679e-06,LMAN1L
GO_Biological_Process_2023,Positive Regulation Of DNA-binding Transcription Factor Activity (GO:0051091),2/246,0.9999460049429472,0.9999960484735656,0,0,0.1561870683198801,8.43355735208398e-06,TNFSF18;CRNN
GO_Biological_Process_2023,Endomembrane System Organization (GO:0010256),2/196,0.9994687131832276,0.9999960484735656,0,0,0.1969647809932492,0.000104672599559064,SPTBN5;ATP8B3
GO_Biological_Process_2023,Negative Regulation Of DNA-binding Transcription Factor Activity (GO:0043433),3/149,0.9799048086417964,0.9999960484735656,0,0,0.3939817908453057,0.0079977697102442,TRIM40;NLRP2;NR0B1
GO_Biological_Process_2023,Positive Regulation Of Cell Migration (GO:0030335),4/272,0.9994234612259568,0.9999960484735656,0,0,0.2846145670427111,0.0001641386542548251,TNFSF18;IL4;MADCAM1;INSL3
GO_Biological_Process_2023,Neuron Projection Morphogenesis (GO:0048812),1/146,0.9993959077375602,0.9999960484735656,0,0,0.1319717423235643,7.974719815694427e-05,MAP6
GO_Biological_Process_2023,Negative Regulation Of Cell Differentiation (GO:0045596),3/207,0.9981156698404136,0.9999960484735656,0,0,0.281100549976088,0.0005301859238851464,BBS12;MIXL1;EID2B
GO_Biological_Process_2023,Fatty Acid Metabolic Process (GO:0006631),1/122,0.9979548290356764,0.9999960484735656,0,0,0.1583491190719662,0.0003241826381244277,PLA2G2C
GO_Biological_Process_2023,Regulation Of Protein Catabolic Process (GO:0042176),1/122,0.9979548290356764,0.9999960484735656,0,0,0.1583491190719662,0.0003241826381244277,TRIM40
GO_Biological_Process_2023,Chemical Synaptic Transmission (GO:0007268),5/273,0.9978777000118824,0.9999960484735656,0,0,0.3561304982217223,0.0007566189226054998,CORT;NPFF;HRH4;UTS2;PDYN
GO_Biological_Process_2023,Regulation Of Protein-Containing Complex Assembly (GO:0043254),1/119,0.9976177345715478,0.9999960484735656,0,0,0.1624007288479389,0.0003873432024556378,BBS10
GO_Biological_Process_2023,Negative Regulation Of Cell Migration (GO:0030336),2/163,0.997588824935231,0.9999960484735656,0,0,0.237752624775357,0.0005739554323610365,IL4;SLURP1
GO_Biological_Process_2023,Regulation Of Small GTPase Mediated Signal Transduction (GO:0051056),1/118,0.9974934426152768,0.9999960484735656,0,0,0.163797437631109,0.000411083094076205,MRAP
GO_Biological_Process_2023,Protein Processing (GO:0016485),1/117,0.9973626645789494,0.9999960484735656,0,0,0.1652182276001958,0.00043631148695525465,ADAMTS13
GO_Biological_Process_2023,Protein Maturation (GO:0051604),1/117,0.9973626645789494,0.9999960484735656,0,0,0.1652182276001958,0.00043631148695525465,ADAMTS13
GO_Biological_Process_2023,Brain Development (GO:0007420),2/169,0.998165118947374,0.9999960484735656,0,0,0.2291376637587768,0.0004208265591918346,FOXR1;JHY
GO_Biological_Process_2023,Negative Regulation Of Signal Transduction (GO:0009968),5/267,0.9973443258126052,0.9999960484735656,0,0,0.3644027611511015,0.0009690222806016334,DEFB118;IL12B;IL12A;NR0B1;CER1
GO_Biological_Process_2023,Endoplasmic Reticulum To Golgi Vesicle-Mediated Transport (GO:0006888),1/115,0.9970802803414484,0.9999960484735656,0,0,0.1681345859577951,0.0004916239076561973,LMAN1L
GO_Biological_Process_2023,Negative Regulation Of Multicellular Organismal Process (GO:0051241),4/231,0.9970316029493396,0.9999960484735656,0,0,0.3367556836260481,0.0010011111619697,IL4;NPVF;IL13;ALPK2
GO_Biological_Process_2023,Protein Modification By Small Protein Removal (GO:0070646),1/114,0.9969279442538016,0.9999960484735656,0,0,0.1696314778581557,0.0005219194502140904,USP29
GO_Biological_Process_2023,Response To Endoplasmic Reticulum Stress (GO:0034976),1/114,0.9969279442538016,0.9999960484735656,0,0,0.1696314778581557,0.0005219194502140904,TTC23L
GO_Biological_Process_2023,Sensory Perception Of Smell (GO:0007608),4/230,0.9969132075720444,0.9999960484735656,0,0,0.3382637582261273,0.0010457648687297,OR13C7;OR6Y1;OR13H1;GFY
GO_Biological_Process_2023,Regulation Of Programmed Cell Death (GO:0043067),3/195,0.9968830492063026,0.9999960484735656,0,0,0.2988598831300813,0.0009329863427268208,PLK5;ALPK2;BIRC7
GO_Biological_Process_2023,DNA Damage Response (GO:0006974),9/384,0.9968519657618202,0.9999960484735656,0,0,0.4573742331288343,0.0014421008297719,RECQL4;INSL6;ANKLE1;EID3;SLX4;HROB;RAD9B;CENPS;TICRR
GO_Biological_Process_2023,Chromatin Remodeling (GO:0006338),4/228,0.996662538146946,0.9999960484735656,0,0,0.3413203022816451,0.0011410486526296,NPM2;KDM4D;H1-8;HDGFL1
GO_Biological_Process_2023,Regulation Of Protein Serine/Threonine Kinase Activity (GO:0071900),1/112,0.996599014674236,0.9999960484735656,0,0,0.1727061747345723,0.000588372256740404,CCNB3
GO_Biological_Process_2023,Organelle Organization (GO:0006996),10/418,0.9973173384956608,0.9999960484735656,0,0,0.4667399201236277,0.0012537877132056,MRAP;CHGA;SPTBN5;PRM2;CATIP;ATP8B3;TERT;TSGA10IP;MTFR2;CFAP126
GO_Biological_Process_2023,Cellular Response To Starvation (GO:0009267),1/126,0.9983312543427048,0.9999960484735656,0,0,0.1532494929006085,0.00025594804129651876,BECN2
GO_Biological_Process_2023,Negative Regulation Of Transcription By RNA Polymerase II (GO:0000122),22/763,0.9984040794596086,0.9999960484735656,0,0,0.5621642787718599,0.0008978861877970835,MAGEL2;MAGEB18;MAGEB16;ESX1;ZNF180;NR0B1;ZNF77;TLE6;MBD3L1;FAM220A;RIPPLY1;IL4;INSL6;RIPPLY3;RIPPLY2;ZFP57;ZGLP1;ZNF239;ZNF778;ZNF469;INSM2;SRY
GO_Biological_Process_2023,Cytosolic Transport (GO:0016482),1/127,0.9984139849150204,0.9999960484735656,0,0,0.1520251778872468,0.0002413056332358119,MAGEL2
GO_Biological_Process_2023,Regulation Of I-kappaB kinase/NF-kappaB Signaling (GO:0043122),3/232,0.9993502863037036,0.9999960484735656,0,0,0.2500798807114708,0.0001625331293858568,UBD;CLEC6A;FADD
GO_Biological_Process_2023,Positive Regulation Of Phosphorylation (GO:0042327),3/231,0.9993217827946254,0.9999960484735656,0,0,0.2511900941377835,0.00017041924082919903,THPO;ODAM;FGF19
GO_Biological_Process_2023,Negative Regulation Of Intracellular Signal Transduction (GO:1902532),3/231,0.9993217827946254,0.9999960484735656,0,0,0.2511900941377835,0.00017041924082919903,TRIM60;TRIM40;NLRP2
GO_Biological_Process_2023,Endocytosis (GO:0006897),2/189,0.9992664405435852,0.9999960484735656,0,0,0.2044138005917641,0.0001500047018586122,EQTN;ENTHD1
GO_Biological_Process_2023,Regulation Of Cell Population Proliferation (GO:0042127),21/766,0.9992469109262144,0.9999960484735656,0,0,0.5330609862853808,0.00040159364131174985,BTG4;IL21;NKX2-6;CSF2;AMBN;INCA1;IL31RA;SLURP1;IL2;IL4;IL3;THPO;FABP7;GHRH;FGF19;IL9;IFNK;BIRC7;BRICD5;CER1;IL9R
GO_Biological_Process_2023,Regulation Of Protein Phosphorylation (GO:0001932),4/265,0.9992341314764958,0.9999960484735656,0,0,0.2923570429095388,0.00022399284227575352,THPO;KDM4D;ODAM;FGF19
GO_Biological_Process_2023,Axonogenesis (GO:0007409),2/188,0.9992318851254158,0.9999960484735656,0,0,0.2055237159543693,0.00015792648391276331,EPHA10;LRTM1
GO_Biological_Process_2023,Apoptotic Process (GO:0006915),3/228,0.9992286602623858,0.9999960484735656,0,0,0.254579945799458,0.00019644340063885475,FADD;LALBA;IL17A
GO_Biological_Process_2023,Negative Regulation Of Nucleic Acid-Templated Transcription (GO:1903507),10/456,0.9991952577889408,0.9999960484735656,0,0,0.4261007660496348,0.0003430393202357515,RIPPLY1;IL4;MESP1;MAGEL2;CALCA;CSF2;ESX1;PASD1;NR0B1;EID2B
GO_Biological_Process_2023,Regulation Of Cell Growth (GO:0001558),3/227,0.9991949010899708,0.9999960484735656,0,0,0.2557300740418118,0.000205970928487812,NPPB;TP53TG5;IL2
GO_Biological_Process_2023,Gene Expression (GO:0010467),5/296,0.9991140991307648,0.9999960484735656,0,0,0.3275802940908868,0.0002903322890897622,NXF3;ZAR1L;ASMT;ADAD2;ZAR1
GO_Biological_Process_2023,Protein-Containing Complex Assembly (GO:0065003),6/328,0.999074973516486,0.9999960484735656,0,0,0.3550249776815393,0.0003285594932199101,CRNN;WDCP;BBS10;DNAAF3;BBS12;FADD
GO_Biological_Process_2023,Positive Regulation Of Cellular Process (GO:0048522),15/594,0.9990465383370232,0.9999960484735656,0,0,0.4913217765837224,0.0004686799478624717,TNFSF18;IL21;NKX2-6;CSF2;IL31RA;IL2;IL4;IL3;THPO;GHRH;FGF19;IL9;IL12B;IL12A;SCAND3
GO_Biological_Process_2023,Protein Localization To Organelle (GO:0033365),1/137,0.9990459788874088,0.9999960484735656,0,0,0.1407722825438492,0.00013436383277696626,TSPAN10
GO_Biological_Process_2023,RNA Processing (GO:0006396),2/183,0.999033350505938,0.9999960484735656,0,0,0.21125725663965,0.00020431048447775495,FASTKD3;ADAD2
GO_Biological_Process_2023,Regulation Of Protein Kinase B Signaling (GO:0051896),1/136,0.9989962529681204,0.9999960484735656,0,0,0.1418225527758996,0.00014242545793162755,THPO
GO_Biological_Process_2023,Positive Regulation Of ERK1 And ERK2 Cascade (GO:0070374),2/179,0.9988385702499925,0.9999960484735656,0,0,0.216077317961513,0.00025110447372845364,THPO;FGF19
GO_Biological_Process_2023,Negative Regulation Of Cell Motility (GO:2000146),1/133,0.9988309407064478,0.9999960484735656,0,0,0.1450688425840555,0.0001696932887238144,SLURP1
GO_Biological_Process_2023,Negative Regulation Of Cell Population Proliferation (GO:0008285),8/379,0.9985968106217268,0.9999960484735656,0,0,0.4106065653659463,0.000576563379643908,BTG4;FABP7;INCA1;IFNK;IL12B;IL12A;CER1;SLURP1
GO_Biological_Process_2023,Positive Regulation Of Cell Differentiation (GO:0045597),5/283,0.998544603640708,0.9999960484735656,0,0,0.3431368957786927,0.0004997639544549806,XKR8;CSF2;PLA2G3;GDF3;ADIG
GO_Biological_Process_2023,Regulation Of Neuron Projection Development (GO:0010975),2/174,0.9985397297531076,0.9999960484735656,0,0,0.2224176602526266,0.0003250272632705694,PLK5;PLA2G3
GO_Biological_Process_2023,Translation (GO:0006412),3/234,0.999403790774418,0.9999960484735656,0,0,0.2478882905712174,0.00014783736113220015,ZAR1L;ASMT;ZAR1
GO_Biological_Process_2023,Regulation Of Organelle Assembly (GO:1902115),2/80,0.910545311559093,0.9999960484735656,0,0,0.4929064167642847,0.046191056592671,C10ORF90;CEP295NL
GO_Biological_Process_2023,Positive Regulation Of Synaptic Transmission (GO:0050806),1/77,0.9798475724642064,0.9999960484735656,0,0,0.2527089783281733,0.0051447145081253,AKAP5
GO_Biological_Process_2023,Cell Morphogenesis Involved In Neuron Differentiation (GO:0048667),1/77,0.9798475724642064,0.9999960484735656,0,0,0.2527089783281733,0.0051447145081253,MAP6
GO_Biological_Process_2023,Response To Peptide Hormone (GO:0043434),1/55,0.938415672444189,0.9999960484735656,0,0,0.3560776801141913,0.0226331093980648,PRLH
GO_Biological_Process_2023,Cellular Response To Fibroblast Growth Factor Stimulus (GO:0044344),1/55,0.938415672444189,0.9999960484735656,0,0,0.3560776801141913,0.0226331093980648,FGF19
GO_Biological_Process_2023,Organic Anion Transport (GO:0015711),2/89,0.9382225723926408,0.9999960484735656,0,0,0.4417060505280354,0.0281667441704837,SLC17A1;SLC17A3
GO_Biological_Process_2023,Negative Regulation Of Neuron Death (GO:1901215),2/88,0.9356044534597644,0.9999960484735656,0,0,0.4468657773580451,0.0297444962804049,CHGA;PLA2G3
GO_Biological_Process_2023,Regulation Of Double-Strand Break Repair (GO:2000779),2/88,0.9356044534597644,0.9999960484735656,0,0,0.4468657773580451,0.0297444962804049,KHDC3L;TEX15
GO_Biological_Process_2023,Regulation Of Blood Vessel Endothelial Cell Migration (GO:0043535),1/54,0.9352097161725418,0.9999960484735656,0,0,0.3628152627348923,0.0243029915188639,ANGPT4
GO_Biological_Process_2023,Negative Regulation Of Protein Modification By Small Protein Conjugation Or Removal (GO:1903321),1/54,0.9352097161725418,0.9999960484735656,0,0,0.3628152627348923,0.0243029915188639,FSCB
GO_Biological_Process_2023,Negative Regulation Of Protein Catabolic Process (GO:0042177),1/54,0.9352097161725418,0.9999960484735656,0,0,0.3628152627348923,0.0243029915188639,TRIM40
GO_Biological_Process_2023,Negative Regulation Of Neuron Projection Development (GO:0010977),1/54,0.9352097161725418,0.9999960484735656,0,0,0.3628152627348923,0.0243029915188639,MGARP
GO_Biological_Process_2023,Purine Ribonucleotide Biosynthetic Process (GO:0009152),1/55,0.938415672444189,0.9999960484735656,0,0,0.3560776801141913,0.0226331093980648,NPPB
GO_Biological_Process_2023,Endoplasmic Reticulum Organization (GO:0007029),1/54,0.9352097161725418,0.9999960484735656,0,0,0.3628152627348923,0.0243029915188639,TRDN
GO_Biological_Process_2023,Positive Regulation Of Cell Cycle Process (GO:0090068),3/118,0.9349528110556984,0.9999960484735656,0,0,0.5010074231177094,0.0336973687066475,MAP10;NPM2;TAS1R2
GO_Biological_Process_2023,Regulation Of Insulin Secretion (GO:0050796),2/87,0.9328813811960484,0.9999960484735656,0,0,0.4521469095252314,0.031413911751873,CHGA;TRH
GO_Biological_Process_2023,Positive Regulation Of NIK/NF-kappaB Signaling (GO:1901224),1/53,0.9318370356351856,0.9999960484735656,0,0,0.3698119831486971,0.0261077401115413,IL12B
GO_Biological_Process_2023,Negative Regulation Of Viral Genome Replication (GO:0045071),1/53,0.9318370356351856,0.9999960484735656,0,0,0.3698119831486971,0.0261077401115413,IFNB1
GO_Biological_Process_2023,Negative Regulation Of Cysteine-Type Endopeptidase Activity (GO:2000117),1/53,0.9318370356351856,0.9999960484735656,0,0,0.3698119831486971,0.0261077401115413,CSN2
GO_Biological_Process_2023,Mitochondrial Transport (GO:0006839),1/53,0.9318370356351856,0.9999960484735656,0,0,0.3698119831486971,0.0261077401115413,MGARP
GO_Biological_Process_2023,mRNA Stabilization (GO:0048255),1/53,0.9318370356351856,0.9999960484735656,0,0,0.3698119831486971,0.0261077401115413,ZAR1
GO_Biological_Process_2023,Tight Junction Assembly (GO:0120192),1/53,0.9318370356351856,0.9999960484735656,0,0,0.3698119831486971,0.0261077401115413,FRMPD2
GO_Biological_Process_2023,Actin Polymerization Or Depolymerization (GO:0008154),1/53,0.9318370356351856,0.9999960484735656,0,0,0.3698119831486971,0.0261077401115413,CATIP
GO_Biological_Process_2023,Positive Regulation Of Cell Projection Organization (GO:0031346),3/118,0.9349528110556984,0.9999960484735656,0,0,0.5010074231177094,0.0336973687066475,PLK5;PLA2G3;MAP6
GO_Biological_Process_2023,DNA-templated Transcription (GO:0006351),6/199,0.931715720066248,0.9999960484735656,0,0,0.596409500720952,0.0421825721744859,GCM2;UBTFL1;TBPL2;TCEANC;FAM170A;POLRMT
GO_Biological_Process_2023,Skeletal System Development (GO:0001501),4/149,0.9401135759439608,0.9999960484735656,0,0,0.5294980180306591,0.0326989306501695,PTH;MEPE;IL17F;GDF3
GO_Biological_Process_2023,Peptide Metabolic Process (GO:0006518),1/56,0.941463138392628,0.9999960484735656,0,0,0.3495851004978794,0.0210870025050783,ADAMTS13
GO_Biological_Process_2023,Positive Regulation Of Mitochondrion Organization (GO:0010822),1/58,0.9471135230633552,0.9999960484735656,0,0,0.3372833706985516,0.0183267359675859,MGARP
GO_Biological_Process_2023,Muscle Organ Development (GO:0007517),1/58,0.9471135230633552,0.9999960484735656,0,0,0.3372833706985516,0.0183267359675859,MYMX
GO_Biological_Process_2023,Memory (GO:0007613),1/58,0.9471135230633552,0.9999960484735656,0,0,0.3372833706985516,0.0183267359675859,LRRC66
GO_Biological_Process_2023,mRNA Transport (GO:0051028),1/58,0.9471135230633552,0.9999960484735656,0,0,0.3372833706985516,0.0183267359675859,NXF3
GO_Biological_Process_2023,Eye Development (GO:0001654),1/58,0.9471135230633552,0.9999960484735656,0,0,0.3372833706985516,0.0183267359675859,GDF3
GO_Biological_Process_2023,Response To Organic Cyclic Compound (GO:0014070),1/58,0.9471135230633552,0.9999960484735656,0,0,0.3372833706985516,0.0183267359675859,CSN1S1
GO_Biological_Process_2023,Regulation Of Phagocytosis (GO:0050764),1/58,0.9471135230633552,0.9999960484735656,0,0,0.3372833706985516,0.0183267359675859,SPACA3
GO_Biological_Process_2023,Regulation Of Neuron Death (GO:1901214),1/58,0.9471135230633552,0.9999960484735656,0,0,0.3372833706985516,0.0183267359675859,CHGA
GO_Biological_Process_2023,Positive Regulation Of Epithelial Cell Proliferation (GO:0050679),3/123,0.9458683589728774,0.9999960484735656,0,0,0.480005081300813,0.0267131827997885,CRNN;ODAM;SCAND3
GO_Biological_Process_2023,Mitochondrial Respiratory Chain Complex Assembly (GO:0033108),2/90,0.9407394515848309,0.9999960484735656,0,0,0.4366635902168897,0.0266753692858343,FASTKD3;SDHAF4
GO_Biological_Process_2023,Organonitrogen Compound Biosynthetic Process (GO:1901566),3/123,0.9458683589728774,0.9999960484735656,0,0,0.480005081300813,0.0267131827997885,SLC44A5;ELOVL3;GDF1
GO_Biological_Process_2023,Positive Regulation Of Developmental Process (GO:0051094),7/233,0.9451082413731428,0.9999960484735656,0,0,0.5937737041719343,0.033521979529967,INSL6;KHDC3L;NLRP5;AMTN;ODAPH;MIXL1;TLE6
GO_Biological_Process_2023,Regulation Of Calcium Ion Transport (GO:0051924),1/57,0.9443599414865276,0.9999960484735656,0,0,0.3433243987250072,0.0196545979491784,EFHB
GO_Biological_Process_2023,Post-Transcriptional Regulation Of Gene Expression (GO:0010608),1/57,0.9443599414865276,0.9999960484735656,0,0,0.3433243987250072,0.0196545979491784,NANOS3
GO_Biological_Process_2023,Striated Muscle Contraction (GO:0006941),1/57,0.9443599414865276,0.9999960484735656,0,0,0.3433243987250072,0.0196545979491784,CCDC78
GO_Biological_Process_2023,Endosome To Lysosome Transport (GO:0008333),1/57,0.9443599414865276,0.9999960484735656,0,0,0.3433243987250072,0.0196545979491784,BECN2
GO_Biological_Process_2023,Potassium Ion Transport (GO:0006813),3/122,0.943831526851906,0.9999960484735656,0,0,0.4840643574502972,0.0279825968530437,KCNK9;KCNMB3;KCNK18
GO_Biological_Process_2023,Positive Regulation Of Binding (GO:0051099),2/91,0.9431586942014236,0.9999960484735656,0,0,0.4317344436206011,0.0252654122049378,TERT;KDM4D
GO_Biological_Process_2023,Neuron Development (GO:0048666),4/150,0.9420859941902138,0.9999960484735656,0,0,0.5258434482085871,0.0313711468423123,RP1L1;RP1;GPRIN1;STMND1
GO_Biological_Process_2023,Positive Regulation Of Cellular Metabolic Process (GO:0031325),1/56,0.941463138392628,0.9999960484735656,0,0,0.3495851004978794,0.0210870025050783,IL4
GO_Biological_Process_2023,Steroid Metabolic Process (GO:0008202),2/92,0.9454837944353632,0.9999960484735656,0,0,0.4269148336153412,0.0239322183097324,HSD17B1;CYP17A1
GO_Biological_Process_2023,Plasma Membrane Bounded Cell Projection Assembly (GO:0120031),9/275,0.9300280568619252,0.9999960484735656,0,0,0.6485654319848702,0.0470472766873341,MRAP;UBXN10;WDR90;TCTN2;NME8;FBF1;IQUB;PLA2G3;TTLL8
GO_Biological_Process_2023,Regulation Of Cell Development (GO:0060284),1/52,0.9282889697714832,0.9999960484735656,0,0,0.3770830847552002,0.0280595837398762,HES3
GO_Biological_Process_2023,Positive Regulation Of Telomere Maintenance (GO:0032206),1/52,0.9282889697714832,0.9999960484735656,0,0,0.3770830847552002,0.0280595837398762,SLX4
GO_Biological_Process_2023,"G Protein-Coupled Receptor Signaling Pathway, Coupled To Cyclic Nucleotide Second Messenger (GO:0007187)",1/50,0.9206297670183564,0.9999960484735656,0,0,0.3925156269404313,0.0324599879546904,HRH4
GO_Biological_Process_2023,Cellular Response To Organic Substance (GO:0071310),2/82,0.9175538088337644,0.9999960484735656,0,0,0.4805329949238578,0.041347006744326,CRNN;GDF1
GO_Biological_Process_2023,Regulation Of Phosphorylation (GO:0042325),2/82,0.9175538088337644,0.9999960484735656,0,0,0.4805329949238578,0.041347006744326,IL4;KDM4D
GO_Biological_Process_2023,Regulation Of Cell Communication (GO:0010646),1/49,0.916498966084678,0.9999960484735656,0,0,0.4007141649763354,0.0349400070699307,TRDN
GO_Biological_Process_2023,Positive Regulation Of Nervous System Development (GO:0051962),1/49,0.916498966084678,0.9999960484735656,0,0,0.4007141649763354,0.0349400070699307,KHDC3L
GO_Biological_Process_2023,Positive Regulation Of miRNA Metabolic Process (GO:2000630),1/49,0.916498966084678,0.9999960484735656,0,0,0.4007141649763354,0.0349400070699307,TERT
GO_Biological_Process_2023,Negative Regulation Of Tumor Necrosis Factor Superfamily Cytokine Production (GO:1903556),1/49,0.916498966084678,0.9999960484735656,0,0,0.4007141649763354,0.0349400070699307,IL4
GO_Biological_Process_2023,Negative Regulation Of T Cell Activation (GO:0050868),1/49,0.916498966084678,0.9999960484735656,0,0,0.4007141649763354,0.0349400070699307,IFNB1
GO_Biological_Process_2023,Heterophilic Cell-Cell Adhesion Via Plasma Membrane Cell Adhesion Molecules (GO:0007157),1/49,0.916498966084678,0.9999960484735656,0,0,0.4007141649763354,0.0349400070699307,CEACAM19
GO_Biological_Process_2023,Regulation Of Interferon-Beta Production (GO:0032648),1/50,0.9206297670183564,0.9999960484735656,0,0,0.3925156269404313,0.0324599879546904,TRIM65
GO_Biological_Process_2023,Unsaturated Fatty Acid Metabolic Process (GO:0033559),1/49,0.916498966084678,0.9999960484735656,0,0,0.4007141649763354,0.0349400070699307,ELOVL3
GO_Biological_Process_2023,Positive Regulation Of Macromolecule Metabolic Process (GO:0010604),13/364,0.9144839957888904,0.9999960484735656,0,0,0.7096357137424899,0.063438105900509,CSF2;RHOXF1;ODAM;IL13;CTCFL;IL4;IL36A;IL36B;ADM2;FGF19;ANKRD31;SRY;STOX1
GO_Biological_Process_2023,Negative Regulation Of NF-kappaB Transcription Factor Activity (GO:0032088),2/81,0.9141166451123768,0.9999960484735656,0,0,0.4866413930476129,0.0436989834986508,TRIM40;NLRP2
GO_Biological_Process_2023,Spindle Assembly (GO:0051225),2/81,0.9141166451123768,0.9999960484735656,0,0,0.4866413930476129,0.0436989834986508,HAUS7;KASH5
GO_Biological_Process_2023,Response To Lipid (GO:0033993),3/110,0.9132012945633524,0.9999960484735656,0,0,0.5386938682470936,0.0489128358388915,IL23R;IL12A;CSN1S1
GO_Biological_Process_2023,Oligosaccharide Metabolic Process (GO:0009311),1/48,0.9121534017819792,0.9999960484735656,0,0,0.409261576971214,0.0376304148755168,NEU2
GO_Biological_Process_2023,Regulation Of Tumor Necrosis Factor-Mediated Signaling Pathway (GO:0010803),1/48,0.9121534017819792,0.9999960484735656,0,0,0.409261576971214,0.0376304148755168,BIRC7
GO_Biological_Process_2023,Cellular Response To Mechanical Stimulus (GO:0071260),1/48,0.9121534017819792,0.9999960484735656,0,0,0.409261576971214,0.0376304148755168,FADD
GO_Biological_Process_2023,Glycoprotein Biosynthetic Process (GO:0009101),2/80,0.910545311559093,0.9999960484735656,0,0,0.4929064167642847,0.046191056592671,GALNTL5;C20ORF173
GO_Biological_Process_2023,Response To Type II Interferon (GO:0034341),2/80,0.910545311559093,0.9999960484735656,0,0,0.4929064167642847,0.046191056592671,IL23R;UBD
GO_Biological_Process_2023,Regulation Of Transforming Growth Factor Beta Receptor Signaling Pathway (GO:0017015),3/111,0.916243162719682,0.9999960484735656,0,0,0.5336777326106594,0.0466826527672987,HTRA4;IL17F;DAND5
GO_Biological_Process_2023,Cell Chemotaxis (GO:0060326),1/50,0.9206297670183564,0.9999960484735656,0,0,0.3925156269404313,0.0324599879546904,DEFB110
GO_Biological_Process_2023,Dicarboxylic Acid Metabolic Process (GO:0043648),1/50,0.9206297670183564,0.9999960484735656,0,0,0.3925156269404313,0.0324599879546904,MDH1B
GO_Biological_Process_2023,Positive Regulation Of Developmental Growth (GO:0048639),1/50,0.9206297670183564,0.9999960484735656,0,0,0.3925156269404313,0.0324599879546904,GHRH
GO_Biological_Process_2023,Organelle Fission (GO:0048285),1/22,0.6717574306416769,0.9999960484735656,0,0,0.9172220612382884,0.3649241072593078,MTFR2
GO_Biological_Process_2023,Regulation Of Proteolysis (GO:0030162),1/52,0.9282889697714832,0.9999960484735656,0,0,0.3770830847552002,0.0280595837398762,FADD
GO_Biological_Process_2023,Cartilage Development (GO:0051216),1/52,0.9282889697714832,0.9999960484735656,0,0,0.3770830847552002,0.0280595837398762,IL17F
GO_Biological_Process_2023,Regulation Of Protein Localization To Nucleus (GO:1900180),1/52,0.9282889697714832,0.9999960484735656,0,0,0.3770830847552002,0.0280595837398762,TRIM40
GO_Biological_Process_2023,Regulation Of Peptide Hormone Secretion (GO:0090276),1/52,0.9282889697714832,0.9999960484735656,0,0,0.3770830847552002,0.0280595837398762,GRP
GO_Biological_Process_2023,Integrin-Mediated Signaling Pathway (GO:0007229),2/85,0.9271049605871228,0.9999960484735656,0,0,0.463090942450003,0.0350506558959204,ADAMTS13;MADCAM1
GO_Biological_Process_2023,Cellular Respiration (GO:0045333),2/85,0.9271049605871228,0.9999960484735656,0,0,0.463090942450003,0.0350506558959204,SDHAF4;MTFR2
GO_Biological_Process_2023,Organelle Assembly (GO:0070925),11/322,0.9256358344074852,0.9999960484735656,0,0,0.6777515681830162,0.0523728383687673,RUFY4;UBXN10;WDR90;TCTN2;NME8;BECN2;FBF1;IQUB;PLA2G3;TTLL8;ZAR1
GO_Biological_Process_2023,Negative Regulation Of Canonical Wnt Signaling Pathway (GO:0090090),3/114,0.9247946521181004,0.9999960484735656,0,0,0.5191716106350253,0.0405906867562181,MESP1;TLE7;TLE6
GO_Biological_Process_2023,Regulation Of Interleukin-6 Production (GO:0032675),3/114,0.9247946521181004,0.9999960484735656,0,0,0.5191716106350253,0.0405906867562181,NLRP10;IL17F;IL17A
GO_Biological_Process_2023,Positive Regulation Of Protein Localization To Plasma Membrane (GO:1903078),1/51,0.9245564080364512,0.9999960484735656,0,0,0.3846450304259635,0.0301720236743199,AKAP5
GO_Biological_Process_2023,Positive Regulation Of Protein Localization To Cell Periphery (GO:1904377),1/51,0.9245564080364512,0.9999960484735656,0,0,0.3846450304259635,0.0301720236743199,AKAP5
GO_Biological_Process_2023,Positive Regulation Of Ras Protein Signal Transduction (GO:0046579),1/51,0.9245564080364512,0.9999960484735656,0,0,0.3846450304259635,0.0301720236743199,F2RL2
GO_Biological_Process_2023,Sensory Perception (GO:0007600),1/51,0.9245564080364512,0.9999960484735656,0,0,0.3846450304259635,0.0301720236743199,PDYN
GO_Biological_Process_2023,Regulation Of Smoothened Signaling Pathway (GO:0008589),1/51,0.9245564080364512,0.9999960484735656,0,0,0.3846450304259635,0.0301720236743199,TEDC2
GO_Biological_Process_2023,Regulation Of Release Of Sequestered Calcium Ion Into Cytosol (GO:0051279),1/51,0.9245564080364512,0.9999960484735656,0,0,0.3846450304259635,0.0301720236743199,TRDN
GO_Biological_Process_2023,Purine Ribonucleotide Metabolic Process (GO:0009150),2/84,0.9240436177778316,0.9999960484735656,0,0,0.4687631546366225,0.0370304156015252,SULT1C3;PTH
GO_Biological_Process_2023,Positive Regulation Of Protein Ubiquitination (GO:0031398),2/84,0.9240436177778316,0.9999960484735656,0,0,0.4687631546366225,0.0370304156015252,BIRC7;CENPS
GO_Biological_Process_2023,Regulation Of Interleukin-1 Beta Production (GO:0032651),2/84,0.9240436177778316,0.9999960484735656,0,0,0.4687631546366225,0.0370304156015252,NLRP2;IL17A
GO_Biological_Process_2023,Regulation Of Cell Division (GO:0051302),2/83,0.9208613303290908,0.9999960484735656,0,0,0.4745754214451338,0.0391267589704476,NLRP5;TLE6
GO_Biological_Process_2023,Phospholipase C-activating G Protein-Coupled Receptor Signaling Pathway (GO:0007200),2/83,0.9208613303290908,0.9999960484735656,0,0,0.4745754214451338,0.0391267589704476,CALCA;F2RL2
GO_Biological_Process_2023,Regulation Of Bone Mineralization (GO:0030500),1/58,0.9471135230633552,0.9999960484735656,0,0,0.3372833706985516,0.0183267359675859,PTH
GO_Biological_Process_2023,Positive Regulation Of Cellular Component Biogenesis (GO:0044089),2/93,0.9477181401365902,0.9999960484735656,0,0,0.4222011491047024,0.0226714170320066,CHGA;SLX4
GO_Biological_Process_2023,Cellular Response To Lipopolysaccharide (GO:0071222),3/124,0.947836358379715,0.9999960484735656,0,0,0.476012900624874,0.0255016339906675,CXCL6;IL36A;IL36B
GO_Biological_Process_2023,Enzyme-Linked Receptor Protein Signaling Pathway (GO:0007167),3/124,0.947836358379715,0.9999960484735656,0,0,0.476012900624874,0.0255016339906675,NPPB;IL31RA;SH2D6
GO_Biological_Process_2023,Detection Of Chemical Stimulus Involved In Sensory Perception (GO:0050907),3/141,0.9725823058331812,0.9999960484735656,0,0,0.4169980558501237,0.0115927852358089,OR13C7;OR6Y1;OR13H1
GO_Biological_Process_2023,Positive Regulation Of Translation (GO:0045727),2/108,0.9723445356726912,0.9999960484735656,0,0,0.3621683746767551,0.0101570398676338,ZCCHC13;FASTKD3
GO_Biological_Process_2023,Glycerophospholipid Biosynthetic Process (GO:0046474),2/108,0.9723445356726912,0.9999960484735656,0,0,0.3621683746767551,0.0101570398676338,SLC44A5;LIPI
GO_Biological_Process_2023,Response To Tumor Necrosis Factor (GO:0034612),2/108,0.9723445356726912,0.9999960484735656,0,0,0.3621683746767551,0.0101570398676338,OCSTAMP;UBD
GO_Biological_Process_2023,Negative Regulation Of Gene Expression (GO:0010629),10/336,0.9716506353028128,0.9999960484735656,0,0,0.5867153110498521,0.0168733267573095,INSL6;TERT;ZAR1L;PTH;NANOS3;FGF19;PLA2G3;PRG3;STOX1;ZAR1
GO_Biological_Process_2023,Negative Regulation Of Wnt Signaling Pathway (GO:0030178),3/140,0.9715061427074418,0.9999960484735656,0,0,0.4200640911518604,0.0121430813821574,TLE7;CER1;TLE6
GO_Biological_Process_2023,Cellular Response To Lipid (GO:0071396),6/228,0.9713856254486412,0.9999960484735656,0,0,0.517701187425958,0.0150297698677656,STRA8;CXCL6;MEIOSIN;IL36A;IL36B;MGARP
GO_Biological_Process_2023,Regulation Of Cellular Biosynthetic Process (GO:0031326),1/70,0.9712428475182416,0.9999960484735656,0,0,0.2784490107887233,0.0081247917150823,NANOS3
GO_Biological_Process_2023,Regulation Of Actin Filament-Based Process (GO:0032970),1/70,0.9712428475182416,0.9999960484735656,0,0,0.2784490107887233,0.0081247917150823,ODAM
GO_Biological_Process_2023,Regulation Of Hydrolase Activity (GO:0051336),1/71,0.9726668837175994,0.9999960484735656,0,0,0.2744566792234135,0.0076061868566697,MRAP
GO_Biological_Process_2023,Regulation Of Notch Signaling Pathway (GO:0008593),1/70,0.9712428475182416,0.9999960484735656,0,0,0.2784490107887233,0.0081247917150823,MESP1
GO_Biological_Process_2023,Protein K48-linked Ubiquitination (GO:0070936),1/70,0.9712428475182416,0.9999960484735656,0,0,0.2784490107887233,0.0081247917150823,TRIM65
GO_Biological_Process_2023,Positive Regulation Of Protein Polymerization (GO:0032273),1/70,0.9712428475182416,0.9999960484735656,0,0,0.2784490107887233,0.0081247917150823,ANKRD53
GO_Biological_Process_2023,Neutrophil Chemotaxis (GO:0030593),1/70,0.9712428475182416,0.9999960484735656,0,0,0.2784490107887233,0.0081247917150823,CXCL6
GO_Biological_Process_2023,Anterograde Trans-Synaptic Signaling (GO:0098916),5/199,0.9707340522018548,0.9999960484735656,0,0,0.4939162659835807,0.0146706658533908,CORT;NPFF;HRH4;UTS2;PDYN
GO_Biological_Process_2023,Detection Of Chemical Stimulus Involved In Sensory Perception Of Smell (GO:0050911),3/139,0.9703900543158192,0.9999960484735656,0,0,0.4231752152080344,0.0127194495784054,OR13C7;OR6Y1;OR13H1
GO_Biological_Process_2023,Regulation Of G1/S Transition Of Mitotic Cell Cycle (GO:2000045),2/106,0.9698662308023804,0.9999960484735656,0,0,0.3691721983600156,0.0112956073031519,PLK5;STOX1
GO_Biological_Process_2023,Regulation Of Monoatomic Ion Transmembrane Transporter Activity (GO:0032412),1/69,0.9697446920241064,0.9999960484735656,0,0,0.2825587638706598,0.0086808964292229,FXYD4
GO_Biological_Process_2023,DNA-templated DNA Replication (GO:0006261),1/69,0.9697446920241064,0.9999960484735656,0,0,0.2825587638706598,0.0086808964292229,RECQL4
GO_Biological_Process_2023,Positive Regulation Of Stress-Activated MAPK Cascade (GO:0032874),2/105,0.9685481034940332,0.9999960484735656,0,0,0.3727761076339264,0.011912854283275,FGF19;BIRC7
GO_Biological_Process_2023,Regulation Of G Protein-Coupled Receptor Signaling Pathway (GO:0008277),1/70,0.9712428475182416,0.9999960484735656,0,0,0.2784490107887233,0.0081247917150823,RGS20
GO_Biological_Process_2023,Cell-Cell Junction Assembly (GO:0007043),1/71,0.9726668837175994,0.9999960484735656,0,0,0.2744566792234135,0.0076061868566697,FBF1
GO_Biological_Process_2023,Negative Regulation Of Protein Binding (GO:0032091),1/71,0.9726668837175994,0.9999960484735656,0,0,0.2744566792234135,0.0076061868566697,EFHB
GO_Biological_Process_2023,Protein Modification By Small Protein Conjugation (GO:0032446),11/364,0.9730760241568448,0.9999960484735656,0,0,0.5957716063716156,0.0162604338211804,C10ORF90;TRIM60;TRIM61;TRIM40;EID3;RFPL4B;TRIML2;UBD;MKRN3;RNF151;BIRC7
GO_Biological_Process_2023,Actomyosin Structure Organization (GO:0031032),1/77,0.9798475724642064,0.9999960484735656,0,0,0.2527089783281733,0.0051447145081253,MYLK3
GO_Biological_Process_2023,Regulation Of Immune Response (GO:0050776),1/77,0.9798475724642064,0.9999960484735656,0,0,0.2527089783281733,0.0051447145081253,IL4
GO_Biological_Process_2023,Positive Regulation Of Signal Transduction (GO:0009967),7/266,0.9790480438004424,0.9999960484735656,0,0,0.5172090457804743,0.0109516756759468,MESP1;TEDC2;TERT;IFNB1;GHRH;CLEC6A;FGFBP3
GO_Biological_Process_2023,Positive Regulation Of Protein Secretion (GO:0050714),1/76,0.9787973483840704,0.9999960484735656,0,0,0.2560919540229885,0.0054882186901253,TRH
GO_Biological_Process_2023,Protein Glycosylation (GO:0006486),3/147,0.978272103171241,0.9999960484735656,0,0,0.3994961043360434,0.008775900127726,MGAT4D;GALNTL5;C20ORF173
GO_Biological_Process_2023,Dephosphorylation (GO:0016311),3/147,0.978272103171241,0.9999960484735656,0,0,0.3994961043360434,0.008775900127726,FAM220A;PP2D1;PPEF1
GO_Biological_Process_2023,Regulation Of Protein Ubiquitination (GO:0031396),2/113,0.9777095213842764,0.9999960484735656,0,0,0.3457630219051539,0.0077944203054764,BIRC7;CENPS
GO_Biological_Process_2023,Regulation Of DNA Replication (GO:0006275),1/75,0.977692443973026,0.9999960484735656,0,0,0.2595663614933391,0.00585585160387,NPM2
GO_Biological_Process_2023,Regulation Of Cold-Induced Thermogenesis (GO:0120161),3/146,0.9774090936776902,0.9999960484735656,0,0,0.4023111035306157,0.0091928047901135,IL4;ELOVL3;IL13
GO_Biological_Process_2023,Protein Deubiquitination (GO:0016579),2/112,0.9767241815079456,0.9999960484735656,0,0,0.3489247808029534,0.0082175199958151,OTUD6A;USP29
GO_Biological_Process_2023,Negative Regulation Of Neuron Apoptotic Process (GO:0043524),1/74,0.9765300154360468,0.9999960484735656,0,0,0.2631359582094529,0.006249424107859,PLA2G3
GO_Biological_Process_2023,Mitotic Sister Chromatid Segregation (GO:0000070),2/111,0.9756967531206538,0.9999960484735656,0,0,0.3521445536254832,0.0086639690224024,ANKRD53;KNSTRN
GO_Biological_Process_2023,Mitotic Cell Cycle Phase Transition (GO:0044772),2/111,0.9756967531206538,0.9999960484735656,0,0,0.3521445536254832,0.0086639690224024,CCNB3;USP29
GO_Biological_Process_2023,Regulation Of Rho Protein Signal Transduction (GO:0035023),1/73,0.9753070712158604,0.9999960484735656,0,0,0.2668047103899031,0.0066708948904251,F2RL2
GO_Biological_Process_2023,Granulocyte Chemotaxis (GO:0071621),1/73,0.9753070712158604,0.9999960484735656,0,0,0.2668047103899031,0.0066708948904251,CXCL6
GO_Biological_Process_2023,Ubiquitin-Dependent ERAD Pathway (GO:0030433),1/73,0.9753070712158604,0.9999960484735656,0,0,0.2668047103899031,0.0066708948904251,UBXN10
GO_Biological_Process_2023,Regulation Of JNK Cascade (GO:0046328),2/110,0.9746255279912956,0.9999960484735656,0,0,0.3554239518706524,0.0091350906353541,FGF19;BIRC7
GO_Biological_Process_2023,Positive Regulation Of Protein Localization To Nucleus (GO:1900182),1/72,0.9740204641336596,0.9999960484735656,0,0,0.2705768077021969,0.007122383881207,TERT
GO_Biological_Process_2023,Plasma Membrane Organization (GO:0007009),1/72,0.9740204641336596,0.9999960484735656,0,0,0.2705768077021969,0.007122383881207,MYMX
GO_Biological_Process_2023,Positive Regulation Of Cysteine-Type Endopeptidase Activity Involved In Apoptotic Process (GO:0043280),2/109,0.9735087346682954,0.9999960484735656,0,0,0.3587646472792827,0.0096322860930001,TNFSF15;NLRP2
GO_Biological_Process_2023,Positive Regulation Of Wnt Signaling Pathway (GO:0030177),2/109,0.9735087346682954,0.9999960484735656,0,0,0.3587646472792827,0.0096322860930001,SCEL;TERT
GO_Biological_Process_2023,Lysosomal Transport (GO:0007041),2/105,0.9685481034940332,0.9999960484735656,0,0,0.3727761076339264,0.011912854283275,SPTBN5;BECN2
GO_Biological_Process_2023,Neutrophil Migration (GO:1990266),1/77,0.9798475724642064,0.9999960484735656,0,0,0.2527089783281733,0.0051447145081253,CXCL6
GO_Biological_Process_2023,Positive Regulation Of Vasculature Development (GO:1904018),2/104,0.9671745234227664,0.9999960484735656,0,0,0.3764506817955608,0.012564538636532,ANGPT4;ADM2
GO_Biological_Process_2023,Cholesterol Metabolic Process (GO:0008203),1/67,0.9665104087309592,0.9999960484735656,0,0,0.2911518839510726,0.0099175680217792,IL4
GO_Biological_Process_2023,Fatty Acid Catabolic Process (GO:0009062),1/61,0.9545839528384962,0.9999960484735656,0,0,0.320368492224476,0.0148906265714737,ABHD1
GO_Biological_Process_2023,Positive Regulation Of Supramolecular Fiber Organization (GO:1902905),2/96,0.9539089696281404,0.9999960484735656,0,0,0.4086618425315909,0.0192835393441091,ANKRD53;MYLK3
GO_Biological_Process_2023,Regulation Of Protein Metabolic Process (GO:0051246),2/96,0.9539089696281404,0.9999960484735656,0,0,0.4086618425315909,0.0192835393441091,NANOS3;IL17F
GO_Biological_Process_2023,Regulation Of Macroautophagy (GO:0016241),2/96,0.9539089696281404,0.9999960484735656,0,0,0.4086618425315909,0.0192835393441091,IL4;RUFY4
GO_Biological_Process_2023,Positive Regulation Of Phagocytosis (GO:0050766),1/60,0.952218969628819,0.9999960484735656,0,0,0.3258156564788393,0.0159520194242421,SPACA3
GO_Biological_Process_2023,Sterol Metabolic Process (GO:0016125),1/60,0.952218969628819,0.9999960484735656,0,0,0.3258156564788393,0.0159520194242421,IL4
GO_Biological_Process_2023,Positive Regulation Of Epithelial Cell Migration (GO:0010634),2/95,0.951927597489109,0.9999960484735656,0,0,0.4130778887615305,0.0203508192491753,ANGPT4;INSL3
GO_Biological_Process_2023,Macromolecule Biosynthetic Process (GO:0009059),5/183,0.950915897418328,0.9999960484735656,0,0,0.5387709100894758,0.0271161547240198,TERT;ZAR1L;PTH;ASMT;ZAR1
GO_Biological_Process_2023,Muscle Contraction (GO:0006936),2/94,0.9498650142951566,0.9999960484735656,0,0,0.4175899359964687,0.021478903180286,UTS2;TRDN
GO_Biological_Process_2023,Negative Regulation Of Viral Process (GO:0048525),1/61,0.9545839528384962,0.9999960484735656,0,0,0.320368492224476,0.0148906265714737,IFNB1
GO_Biological_Process_2023,Cellular Response To Hormone Stimulus (GO:0032870),2/94,0.9498650142951566,0.9999960484735656,0,0,0.4175899359964687,0.021478903180286,OCSTAMP;MGARP
GO_Biological_Process_2023,Positive Regulation Of Protein Binding (GO:0032092),1/59,0.9497309574863172,0.9999960484735656,0,0,0.3314506539833531,0.0170950769662356,TERT
GO_Biological_Process_2023,Phospholipid Transport (GO:0015914),1/59,0.9497309574863172,0.9999960484735656,0,0,0.3314506539833531,0.0170950769662356,ATP8B3
GO_Biological_Process_2023,Negative Regulation Of Cytokine-Mediated Signaling Pathway (GO:0001960),1/59,0.9497309574863172,0.9999960484735656,0,0,0.3314506539833531,0.0170950769662356,BIRC7
GO_Biological_Process_2023,Chordate Embryonic Development (GO:0043009),1/59,0.9497309574863172,0.9999960484735656,0,0,0.3314506539833531,0.0170950769662356,NKX2-6
GO_Biological_Process_2023,Regulation Of Type I Interferon Production (GO:0032479),1/59,0.9497309574863172,0.9999960484735656,0,0,0.3314506539833531,0.0170950769662356,GARIN5A
GO_Biological_Process_2023,Cellular Response To Chemokine (GO:1990869),1/59,0.9497309574863172,0.9999960484735656,0,0,0.3314506539833531,0.0170950769662356,CXCL6
GO_Biological_Process_2023,Regulation Of miRNA Transcription (GO:1902893),1/59,0.9497309574863172,0.9999960484735656,0,0,0.3314506539833531,0.0170950769662356,TERT
GO_Biological_Process_2023,Aerobic Respiration (GO:0009060),1/59,0.9497309574863172,0.9999960484735656,0,0,0.3314506539833531,0.0170950769662356,MTFR2
GO_Biological_Process_2023,DNA Metabolic Process (GO:0006259),9/288,0.9495785723800434,0.9999960484735656,0,0,0.6179167491259318,0.0319691593634523,RECQL4;INSL6;EID3;SLX4;TERT;HUS1B;RAD9B;CENPS;TICRR
GO_Biological_Process_2023,Response To Cytokine (GO:0034097),3/125,0.9497375928861476,0.9999960484735656,0,0,0.4720861655337864,0.024345271380922,CRNN;IL23R;UBD
GO_Biological_Process_2023,Negative Regulation Of Macromolecule Metabolic Process (GO:0010605),5/186,0.9553760861364488,0.9999960484735656,0,0,0.5297566135184706,0.024183499888123,TERT;PTH;FGF19;PLA2G3;STOX1
GO_Biological_Process_2023,Protein Targeting (GO:0006605),3/129,0.956714550039071,0.9999960484735656,0,0,0.4570025164537359,0.0202224563380829,RTP3;NACAD;MGARP
GO_Biological_Process_2023,Fat Cell Differentiation (GO:0045444),1/62,0.9568319849313196,0.9999960484735656,0,0,0.315099923519436,0.0139045615642447,ADIG
GO_Biological_Process_2023,Regulation Of Viral Genome Replication (GO:0045069),1/67,0.9665104087309592,0.9999960484735656,0,0,0.2911518839510726,0.0099175680217792,IFNB1
GO_Biological_Process_2023,Activation Of Cysteine-Type Endopeptidase Activity Involved In Apoptotic Process (GO:0006919),1/67,0.9665104087309592,0.9999960484735656,0,0,0.2911518839510726,0.0099175680217792,TNFSF15
GO_Biological_Process_2023,Positive Regulation Of Gene Expression (GO:0010628),16/480,0.9658770365166132,0.9999960484735656,0,0,0.6587236762669129,0.0228700588559813,IL21;CSF2;RHOXF1;ODAM;IL13;CTCFL;IL4;IL36A;IL36B;ADM2;CLEC6A;FGF19;FAM47E;IL17F;SRY;STOX1
GO_Biological_Process_2023,Mitochondrial Gene Expression (GO:0140053),2/103,0.9657432939107062,0.9999960484735656,0,0,0.3801980198019802,0.0132526465438509,FASTKD3;POLRMT
GO_Biological_Process_2023,Non-Membrane-Bounded Organelle Assembly (GO:0140694),3/135,0.9654987034310692,0.9999960484735656,0,0,0.4360910938654841,0.0153113850788356,KASH5;HAUS7;ZAR1
GO_Biological_Process_2023,Regulation Of Protein Secretion (GO:0050708),2/102,0.9642521398561926,0.9999960484735656,0,0,0.3840203045685279,0.0139792848146131,IL12B;IL12A
GO_Biological_Process_2023,Positive Regulation Of Cell Cycle (GO:0045787),1/65,0.9629307397859534,0.9999960484735656,0,0,0.3002820740365111,0.0113427923275326,SCAND3
GO_Biological_Process_2023,Monocarboxylic Acid Biosynthetic Process (GO:0072330),1/65,0.9629307397859534,0.9999960484735656,0,0,0.3002820740365111,0.0113427923275326,PLA2G2C
GO_Biological_Process_2023,Mitochondrion Organization (GO:0007005),4/162,0.9615395152845612,0.9999960484735656,0,0,0.4855969197882998,0.0190449253357308,TERT;MGARP;MTFR2;SPATA19
GO_Biological_Process_2023,Response To UV (GO:0009411),2/100,0.9610805528200698,0.9999960484735656,0,0,0.3918988915363099,0.0155572305395138,IL12B;IL12A
GO_Biological_Process_2023,Protein N-linked Glycosylation (GO:0006487),1/64,0.9610000213189924,0.9999960484735656,0,0,0.3050645545574552,0.0121357266224659,MGAT4D
GO_Biological_Process_2023,Negative Regulation Of Cell Death (GO:0060548),1/64,0.9610000213189924,0.9999960484735656,0,0,0.3050645545574552,0.0121357266224659,CHGA
GO_Biological_Process_2023,Protein Polymerization (GO:0051258),1/63,0.9589688435720116,0.9999960484735656,0,0,0.3100013086435909,0.0129880296829762,CATIP
GO_Biological_Process_2023,Positive Regulation Of Mitotic Cell Cycle Phase Transition (GO:1901992),1/63,0.9589688435720116,0.9999960484735656,0,0,0.3100013086435909,0.0129880296829762,STOX1
GO_Biological_Process_2023,Phosphatidylinositol Metabolic Process (GO:0046488),1/63,0.9589688435720116,0.9999960484735656,0,0,0.3100013086435909,0.0129880296829762,PLA2G3
GO_Biological_Process_2023,G1/S Transition Of Mitotic Cell Cycle (GO:0000082),1/63,0.9589688435720116,0.9999960484735656,0,0,0.3100013086435909,0.0129880296829762,USP29
GO_Biological_Process_2023,Transmembrane Receptor Protein Serine/Threonine Kinase Signaling Pathway (GO:0007178),3/130,0.9583112955786628,0.9999960484735656,0,0,0.453380065296716,0.0193061067748418,GDF1;GDF3;BMP15
GO_Biological_Process_2023,Positive Regulation Of Protein-Containing Complex Assembly (GO:0031334),2/98,0.9576399114406352,0.9999960484735656,0,0,0.4001057529610829,0.0173179561499013,CSF2;IL5
GO_Biological_Process_2023,Regulation Of T Cell Activation (GO:0050863),1/62,0.9568319849313196,0.9999960484735656,0,0,0.315099923519436,0.0139045615642447,TNFSF18
GO_Biological_Process_2023,mRNA Export From Nucleus (GO:0006406),1/62,0.9568319849313196,0.9999960484735656,0,0,0.315099923519436,0.0139045615642447,NXF3
GO_Biological_Process_2023,Glycerophospholipid Metabolic Process (GO:0006650),1/62,0.9568319849313196,0.9999960484735656,0,0,0.315099923519436,0.0139045615642447,PLA2G3
GO_Biological_Process_2023,Protein Secretion (GO:0009306),1/67,0.9665104087309592,0.9999960484735656,0,0,0.2911518839510726,0.0099175680217792,PPY
GO_Biological_Process_2023,Negative Regulation Of Protein Localization To Nucleus (GO:1900181),1/22,0.6717574306416769,0.9999960484735656,0,0,0.9172220612382884,0.3649241072593078,TRIM40
GO_Biological_Process_2023,Regulation Of Calcium Ion Transmembrane Transport (GO:1903169),1/20,0.636754955124724,0.9999960484735656,0,0,1.013878509661578,0.4576347314779351,TRDN
GO_Biological_Process_2023,Mitochondrial Cytochrome C Oxidase Assembly (GO:0033617),1/22,0.6717574306416769,0.9999960484735656,0,0,0.9172220612382884,0.3649241072593078,FASTKD3
GO_Biological_Process_2023,Estrogen Biosynthetic Process (GO:0006703),1/7,0.2983489339027537,0.9999960484735656,0,0,3.2128127112914133,3.885869852805904,HSD17B1
GO_Biological_Process_2023,Spleen Development (GO:0048536),1/7,0.2983489339027537,0.9999960484735656,0,0,3.2128127112914133,3.885869852805904,FADD
GO_Biological_Process_2023,snRNA Transcription By RNA Polymerase III (GO:0042796),1/7,0.2983489339027537,0.9999960484735656,0,0,3.2128127112914133,3.885869852805904,SNAPC4
GO_Biological_Process_2023,Sinoatrial Node Development (GO:0003163),1/7,0.2983489339027537,0.9999960484735656,0,0,3.2128127112914133,3.885869852805904,MESP1
GO_Biological_Process_2023,siRNA Processing (GO:0030422),1/7,0.2983489339027537,0.9999960484735656,0,0,3.2128127112914133,3.885869852805904,TERT
GO_Biological_Process_2023,Coronary Vasculature Development (GO:0060976),1/7,0.2983489339027537,0.9999960484735656,0,0,3.2128127112914133,3.885869852805904,MESP1
GO_Biological_Process_2023,Collecting Duct Development (GO:0072044),1/7,0.2983489339027537,0.9999960484735656,0,0,3.2128127112914133,3.885869852805904,DACT2
GO_Biological_Process_2023,Release Of Sequestered Calcium Ion Into Cytosol By Endoplasmic Reticulum (GO:1903514),1/7,0.2983489339027537,0.9999960484735656,0,0,3.2128127112914133,3.885869852805904,TRDN
GO_Biological_Process_2023,Regulation Of Transcription From RNA Polymerase II Promoter In Response To Hypoxia (GO:0061418),1/7,0.2983489339027537,0.9999960484735656,0,0,3.2128127112914133,3.885869852805904,STOX1
GO_Biological_Process_2023,Glucocorticoid Metabolic Process (GO:0008211),1/7,0.2983489339027537,0.9999960484735656,0,0,3.2128127112914133,3.885869852805904,CYP17A1
GO_Biological_Process_2023,Regulation Of Protein Localization To Nucleolus (GO:1904749),1/7,0.2983489339027537,0.9999960484735656,0,0,3.2128127112914133,3.885869852805904,TERT
GO_Biological_Process_2023,"Blood Coagulation, Intrinsic Pathway (GO:0007597)",1/7,0.2983489339027537,0.9999960484735656,0,0,3.2128127112914133,3.885869852805904,GP1BA
GO_Biological_Process_2023,Regulation Of Mitophagy (GO:1901524),1/7,0.2983489339027537,0.9999960484735656,0,0,3.2128127112914133,3.885869852805904,GDF1
GO_Biological_Process_2023,Adenylate Cyclase-Inhibiting G Protein-Coupled Acetylcholine Receptor Signaling Pathway (GO:0007197),1/7,0.2983489339027537,0.9999960484735656,0,0,3.2128127112914133,3.885869852805904,HRH4
GO_Biological_Process_2023,Regulation Of Leukocyte Proliferation (GO:0070663),1/7,0.2983489339027537,0.9999960484735656,0,0,3.2128127112914133,3.885869852805904,CSF2
GO_Biological_Process_2023,Regulation Of Dendritic Cell Chemotaxis (GO:2000508),1/7,0.2983489339027537,0.9999960484735656,0,0,3.2128127112914133,3.885869852805904,IL12A
GO_Biological_Process_2023,Regulation Of Chemokine (C-C Motif) Ligand 5 Production (GO:0071649),1/7,0.2983489339027537,0.9999960484735656,0,0,3.2128127112914133,3.885869852805904,DEFB124
GO_Biological_Process_2023,Negative Regulation Of Signal Transduction In Absence Of Ligand (GO:1901099),2/22,0.2964711380399563,0.9999960484735656,0,0,1.928223350253807,2.344344376057766,CSF2;TERT
GO_Biological_Process_2023,Negative Regulation Of Extrinsic Apoptotic Signaling Pathway In Absence Of Ligand (GO:2001240),2/22,0.2964711380399563,0.9999960484735656,0,0,1.928223350253807,2.344344376057766,CSF2;TERT
GO_Biological_Process_2023,NAD Metabolic Process (GO:0019674),2/22,0.2964711380399563,0.9999960484735656,0,0,1.928223350253807,2.344344376057766,NUDT17;MDH1B
GO_Biological_Process_2023,Cardiac Atrium Development (GO:0003230),1/7,0.2983489339027537,0.9999960484735656,0,0,3.2128127112914133,3.885869852805904,DAND5
GO_Biological_Process_2023,Lymphocyte Proliferation (GO:0046651),3/38,0.2886463850817363,0.9999960484735656,0,0,1.6531358885017422,2.054108827213609,IFNB1;IFNE;IFNK
GO_Biological_Process_2023,Lens Fiber Cell Development (GO:0070307),1/7,0.2983489339027537,0.9999960484735656,0,0,3.2128127112914133,3.885869852805904,BFSP1
GO_Biological_Process_2023,Negative Regulation Of B Cell Apoptotic Process (GO:0002903),1/7,0.2983489339027537,0.9999960484735656,0,0,3.2128127112914133,3.885869852805904,IL2
GO_Biological_Process_2023,Adaptive Immune Response Based On Somatic Recombination Of Immune Receptors Built From Immunoglobulin Superfamily Domains (GO:0002460),2/23,0.3149931124567848,0.9999960484735656,0,0,1.83630650229635,2.1213095451375534,IL12B;SCART1
GO_Biological_Process_2023,Regulation Of Cellular Response To Transforming Growth Factor Beta Stimulus (GO:1903844),2/23,0.3149931124567848,0.9999960484735656,0,0,1.83630650229635,2.1213095451375534,IL4;IL17F
GO_Biological_Process_2023,Negative Regulation Of Protein Secretion (GO:0050709),3/39,0.3023217843134637,0.9999960484735656,0,0,1.607130758807588,1.92255157381334,CHGA;IL12B;IL12A
GO_Biological_Process_2023,Digestive Tract Development (GO:0048565),3/39,0.3023217843134637,0.9999960484735656,0,0,1.607130758807588,1.92255157381334,PERCC1;NKX2-6;MIXL1
GO_Biological_Process_2023,Regulation Of Golgi To Plasma Membrane Protein Transport (GO:0042996),1/7,0.2983489339027537,0.9999960484735656,0,0,3.2128127112914133,3.885869852805904,RSC1A1
GO_Biological_Process_2023,"Regulation Of CD4-positive, Alpha-Beta T Cell Activation (GO:2000514)",1/7,0.2983489339027537,0.9999960484735656,0,0,3.2128127112914133,3.885869852805904,TARM1
GO_Biological_Process_2023,Purine Nucleotide Catabolic Process (GO:0006195),1/7,0.2983489339027537,0.9999960484735656,0,0,3.2128127112914133,3.885869852805904,NUDT17
GO_Biological_Process_2023,Protein Localization To Ciliary Transition Zone (GO:1904491),1/7,0.2983489339027537,0.9999960484735656,0,0,3.2128127112914133,3.885869852805904,TCTN2
GO_Biological_Process_2023,Positive Regulation Of Ryanodine-Sensitive Calcium-Release Channel Activity (GO:0060316),1/7,0.2983489339027537,0.9999960484735656,0,0,3.2128127112914133,3.885869852805904,TRDN
GO_Biological_Process_2023,Malate Metabolic Process (GO:0006108),1/7,0.2983489339027537,0.9999960484735656,0,0,3.2128127112914133,3.885869852805904,MDH1B
GO_Biological_Process_2023,Positive Regulation Of Intracellular Steroid Hormone Receptor Signaling Pathway (GO:0033145),1/7,0.2983489339027537,0.9999960484735656,0,0,3.2128127112914133,3.885869852805904,SRARP
GO_Biological_Process_2023,Positive Regulation Of Endocytic Recycling (GO:2001137),1/7,0.2983489339027537,0.9999960484735656,0,0,3.2128127112914133,3.885869852805904,AKAP5
GO_Biological_Process_2023,Positive Regulation Of Dendritic Cell Chemotaxis (GO:2000510),1/7,0.2983489339027537,0.9999960484735656,0,0,3.2128127112914133,3.885869852805904,IL12A
GO_Biological_Process_2023,Positive Regulation Of T-helper 2 Cell Cytokine Production (GO:2000553),1/7,0.2983489339027537,0.9999960484735656,0,0,3.2128127112914133,3.885869852805904,IL4
GO_Biological_Process_2023,Positive Regulation Of DNA Demethylation (GO:1901537),1/7,0.2983489339027537,0.9999960484735656,0,0,3.2128127112914133,3.885869852805904,STPG4
GO_Biological_Process_2023,Pericardium Development (GO:0060039),1/7,0.2983489339027537,0.9999960484735656,0,0,3.2128127112914133,3.885869852805904,NKX2-6
GO_Biological_Process_2023,Olefinic Compound Biosynthetic Process (GO:0120255),1/7,0.2983489339027537,0.9999960484735656,0,0,3.2128127112914133,3.885869852805904,HSD17B1
GO_Biological_Process_2023,Neuroepithelial Cell Differentiation (GO:0060563),1/7,0.2983489339027537,0.9999960484735656,0,0,3.2128127112914133,3.885869852805904,DSPP
GO_Biological_Process_2023,Negative Regulation Of Circadian Rhythm (GO:0042754),1/7,0.2983489339027537,0.9999960484735656,0,0,3.2128127112914133,3.885869852805904,PASD1
GO_Biological_Process_2023,Negative Regulation Of T-helper 17 Cell Differentiation (GO:2000320),1/7,0.2983489339027537,0.9999960484735656,0,0,3.2128127112914133,3.885869852805904,IL4
GO_Biological_Process_2023,Positive Regulation Of Insulin-Like Growth Factor Receptor Signaling Pathway (GO:0043568),1/7,0.2983489339027537,0.9999960484735656,0,0,3.2128127112914133,3.885869852805904,GHRH
GO_Biological_Process_2023,Cellular Response To Type I Interferon (GO:0071357),3/38,0.2886463850817363,0.9999960484735656,0,0,1.6531358885017422,2.054108827213609,IFNB1;IFNE;IFNK
GO_Biological_Process_2023,Positive Regulation Of Heart Contraction (GO:0045823),2/21,0.2778741621608483,0.9999960484735656,0,0,2.0298156558909963,2.599355382736846,CHGA;ADM2
GO_Biological_Process_2023,Skin Epidermis Development (GO:0098773),2/21,0.2778741621608483,0.9999960484735656,0,0,2.0298156558909963,2.599355382736846,FLG2;HRNR
GO_Biological_Process_2023,Negative Regulation Of Catecholamine Secretion (GO:0033604),1/6,0.2619134861325965,0.9999960484735656,0,0,3.855578093306288,5.1654761866054635,CHGA
GO_Biological_Process_2023,Negative Regulation Of Acute Inflammatory Response (GO:0002674),1/6,0.2619134861325965,0.9999960484735656,0,0,3.855578093306288,5.1654761866054635,IL4
GO_Biological_Process_2023,Negative Regulation Of T-helper 17 Type Immune Response (GO:2000317),1/6,0.2619134861325965,0.9999960484735656,0,0,3.855578093306288,5.1654761866054635,IL4
GO_Biological_Process_2023,Meiotic DNA Double-Strand Break Formation (GO:0042138),1/6,0.2619134861325965,0.9999960484735656,0,0,3.855578093306288,5.1654761866054635,IHO1
GO_Biological_Process_2023,Maintenance Of Protein Location In Extracellular Region (GO:0071694),1/6,0.2619134861325965,0.9999960484735656,0,0,3.855578093306288,5.1654761866054635,DAND5
GO_Biological_Process_2023,Interleukin-9-Mediated Signaling Pathway (GO:0038113),1/6,0.2619134861325965,0.9999960484735656,0,0,3.855578093306288,5.1654761866054635,IL9R
GO_Biological_Process_2023,Interleukin-3-Mediated Signaling Pathway (GO:0038156),1/6,0.2619134861325965,0.9999960484735656,0,0,3.855578093306288,5.1654761866054635,IL3
GO_Biological_Process_2023,Ganglioside Catabolic Process (GO:0006689),1/6,0.2619134861325965,0.9999960484735656,0,0,3.855578093306288,5.1654761866054635,NEU2
GO_Biological_Process_2023,"Fatty Acid Elongation, Unsaturated Fatty Acid (GO:0019368)",1/6,0.2619134861325965,0.9999960484735656,0,0,3.855578093306288,5.1654761866054635,ELOVL3
GO_Biological_Process_2023,Negative Regulation Of Epidermal Cell Differentiation (GO:0045605),1/6,0.2619134861325965,0.9999960484735656,0,0,3.855578093306288,5.1654761866054635,GDF3
GO_Biological_Process_2023,"Fatty Acid Elongation, Saturated Fatty Acid (GO:0019367)",1/6,0.2619134861325965,0.9999960484735656,0,0,3.855578093306288,5.1654761866054635,ELOVL3
GO_Biological_Process_2023,"Fatty Acid Elongation, Monounsaturated Fatty Acid (GO:0034625)",1/6,0.2619134861325965,0.9999960484735656,0,0,3.855578093306288,5.1654761866054635,ELOVL3
GO_Biological_Process_2023,Development Of Primary Female Sexual Characteristics (GO:0046545),1/6,0.2619134861325965,0.9999960484735656,0,0,3.855578093306288,5.1654761866054635,ZFP42
GO_Biological_Process_2023,Delamination (GO:0060232),1/6,0.2619134861325965,0.9999960484735656,0,0,3.855578093306288,5.1654761866054635,CDSN
GO_Biological_Process_2023,Choline Transport (GO:0015871),1/6,0.2619134861325965,0.9999960484735656,0,0,3.855578093306288,5.1654761866054635,SLC44A5
GO_Biological_Process_2023,Release Of Sequestered Calcium Ion Into Cytosol By Sarcoplasmic Reticulum (GO:0014808),1/6,0.2619134861325965,0.9999960484735656,0,0,3.855578093306288,5.1654761866054635,TRDN
GO_Biological_Process_2023,Cellular Response To Interleukin-9 (GO:0071355),1/6,0.2619134861325965,0.9999960484735656,0,0,3.855578093306288,5.1654761866054635,IL9R
GO_Biological_Process_2023,Regulation Of Striated Muscle Cell Differentiation (GO:0051153),1/6,0.2619134861325965,0.9999960484735656,0,0,3.855578093306288,5.1654761866054635,MESP1
GO_Biological_Process_2023,Regulation Of Prostaglandin Biosynthetic Process (GO:0031392),1/6,0.2619134861325965,0.9999960484735656,0,0,3.855578093306288,5.1654761866054635,PLA2G3
GO_Biological_Process_2023,Regulation Of Nucleotide-Binding Oligomerization Domain Containing 2 Signaling Pathway (GO:0070432),1/6,0.2619134861325965,0.9999960484735656,0,0,3.855578093306288,5.1654761866054635,ZNRF4
GO_Biological_Process_2023,"Fatty Acid Elongation, Polyunsaturated Fatty Acid (GO:0034626)",1/6,0.2619134861325965,0.9999960484735656,0,0,3.855578093306288,5.1654761866054635,ELOVL3
GO_Biological_Process_2023,Negative Regulation Of Hematopoietic Progenitor Cell Differentiation (GO:1901533),1/6,0.2619134861325965,0.9999960484735656,0,0,3.855578093306288,5.1654761866054635,MIXL1
GO_Biological_Process_2023,Negative Regulation Of Lymphocyte Differentiation (GO:0045620),1/6,0.2619134861325965,0.9999960484735656,0,0,3.855578093306288,5.1654761866054635,IFNB1
GO_Biological_Process_2023,Negative Regulation Of Meiotic Nuclear Division (GO:0045835),1/6,0.2619134861325965,0.9999960484735656,0,0,3.855578093306288,5.1654761866054635,FBXO43
GO_Biological_Process_2023,Chaperone-Mediated Protein Complex Assembly (GO:0051131),2/21,0.2778741621608483,0.9999960484735656,0,0,2.0298156558909963,2.599355382736846,BBS10;BBS12
GO_Biological_Process_2023,Positive Regulation Of Immune Effector Process (GO:0002699),3/37,0.2750190003075991,0.9999960484735656,0,0,1.7018472022955524,2.1969402371676554,IL23R;IL12B;IL2
GO_Biological_Process_2023,Type I Interferon-Mediated Signaling Pathway (GO:0060337),3/37,0.2750190003075991,0.9999960484735656,0,0,1.7018472022955524,2.1969402371676554,IFNB1;IFNE;IFNK
GO_Biological_Process_2023,Regulation Of Defense Response To Virus By Host (GO:0050691),3/37,0.2750190003075991,0.9999960484735656,0,0,1.7018472022955524,2.1969402371676554,IL4;IL23R;IL12B
GO_Biological_Process_2023,Myeloid Leukocyte Differentiation (GO:0002573),5/71,0.2726464566185526,0.9999960484735656,0,0,1.4616891933592544,1.899581097326276,IL4;IL1RL1;CSF2;UBD;IL31RA
GO_Biological_Process_2023,Positive Regulation Of Defense Response (GO:0031349),8/124,0.2690044795416523,0.9999960484735656,0,0,1.3311965059349793,1.7478972833342732,IL21;GRP;NLRP10;IFNB1;IFNK;IL12B;FADD;IL2
GO_Biological_Process_2023,Spermatid Development (GO:0007286),4/53,0.2650544949659304,0.9999960484735656,0,0,1.574854153258455,2.0911225783952623,PRM2;CFAP73;GALNTL5;ADAD2
GO_Biological_Process_2023,Regulation Of Cardiac Muscle Cell Membrane Potential (GO:0086036),1/6,0.2619134861325965,0.9999960484735656,0,0,3.855578093306288,5.1654761866054635,TRDN
GO_Biological_Process_2023,Regulation Of MHC Class I Biosynthetic Process (GO:0045343),1/6,0.2619134861325965,0.9999960484735656,0,0,3.855578093306288,5.1654761866054635,IFNB1
GO_Biological_Process_2023,Positive Regulation Of Unsaturated Fatty Acid Biosynthetic Process (GO:2001280),1/6,0.2619134861325965,0.9999960484735656,0,0,3.855578093306288,5.1654761866054635,PLA2G3
GO_Biological_Process_2023,Positive Regulation Of Striated Muscle Contraction (GO:0045989),1/6,0.2619134861325965,0.9999960484735656,0,0,3.855578093306288,5.1654761866054635,CHGA
GO_Biological_Process_2023,Positive Regulation Of Multicellular Organism Growth (GO:0040018),1/6,0.2619134861325965,0.9999960484735656,0,0,3.855578093306288,5.1654761866054635,GHRH
GO_Biological_Process_2023,Positive Regulation Of Mitophagy (GO:1901526),1/6,0.2619134861325965,0.9999960484735656,0,0,3.855578093306288,5.1654761866054635,GDF1
GO_Biological_Process_2023,Positive Regulation Of Intracellular Estrogen Receptor Signaling Pathway (GO:0033148),1/6,0.2619134861325965,0.9999960484735656,0,0,3.855578093306288,5.1654761866054635,SRARP
GO_Biological_Process_2023,Positive Regulation Of Interleukin-5 Production (GO:0032754),1/6,0.2619134861325965,0.9999960484735656,0,0,3.855578093306288,5.1654761866054635,IL9
GO_Biological_Process_2023,Positive Regulation Of Amyloid-Beta Clearance (GO:1900223),1/6,0.2619134861325965,0.9999960484735656,0,0,3.855578093306288,5.1654761866054635,IL4
GO_Biological_Process_2023,Positive Regulation Of T-helper 17 Cell Differentiation (GO:2000321),1/6,0.2619134861325965,0.9999960484735656,0,0,3.855578093306288,5.1654761866054635,IL23R
GO_Biological_Process_2023,Pituitary Gland Development (GO:0021983),1/6,0.2619134861325965,0.9999960484735656,0,0,3.855578093306288,5.1654761866054635,NR0B1
GO_Biological_Process_2023,Negative Regulation Of Type 2 Immune Response (GO:0002829),1/6,0.2619134861325965,0.9999960484735656,0,0,3.855578093306288,5.1654761866054635,IFNB1
GO_Biological_Process_2023,Negative Regulation Of Steroid Metabolic Process (GO:0045939),1/6,0.2619134861325965,0.9999960484735656,0,0,3.855578093306288,5.1654761866054635,NR0B1
GO_Biological_Process_2023,Negative Regulation Of Protein Sumoylation (GO:0033234),1/6,0.2619134861325965,0.9999960484735656,0,0,3.855578093306288,5.1654761866054635,FSCB
GO_Biological_Process_2023,Endocrine System Development (GO:0035270),2/23,0.3149931124567848,0.9999960484735656,0,0,1.83630650229635,2.1213095451375534,GCM2;NR0B1
GO_Biological_Process_2023,Regulation Of Microtubule-Based Process (GO:0032886),3/41,0.3297399539744374,0.9999960484735656,0,0,1.5223844672657252,1.689010898695726,MAP10;FRMPD2;MAP6
GO_Biological_Process_2023,Regulation Of T Cell Proliferation (GO:0042129),5/77,0.3310093324693001,0.9999960484735656,0,0,1.339457456438108,1.480915829482696,IL21;TNFSF18;IL4;IL23R;IL12B
GO_Biological_Process_2023,Regulation Of Defense Response To Bacterium (GO:1900424),1/8,0.3329874851981771,0.9999960484735656,0,0,2.7536945812807883,3.0281012698409446,NLRP10
GO_Biological_Process_2023,Telomere Organization (GO:0032200),4/63,0.377783223078169,0.9999960484735656,0,0,1.3072400296567064,1.2725128476508083,RECQL4;INSL6;TERT;HUS1B
GO_Biological_Process_2023,Regulation Of B Cell Proliferation (GO:0030888),3/44,0.3707712849637622,0.9999960484735656,0,0,1.4107674003569304,1.3997209350955069,IL21;IL4;IL2
GO_Biological_Process_2023,Nucleic Acid Phosphodiester Bond Hydrolysis (GO:0090305),2/26,0.3697496978422725,0.9999960484735656,0,0,1.6065143824027073,1.598367739272239,ANKLE1;IHO1
GO_Biological_Process_2023,Negative Regulation Of Endothelial Cell Apoptotic Process (GO:2000352),2/26,0.3697496978422725,0.9999960484735656,0,0,1.6065143824027073,1.598367739272239,IL4;IL13
GO_Biological_Process_2023,Meiosis I (GO:0007127),2/26,0.3697496978422725,0.9999960484735656,0,0,1.6065143824027073,1.598367739272239,BRME1;MEIKIN
GO_Biological_Process_2023,Regulation Of Bile Acid Biosynthetic Process (GO:0070857),1/9,0.3659176723142472,0.9999960484735656,0,0,2.4093559837728193,2.4222385931723287,FGF19
GO_Biological_Process_2023,Regulation Of Attachment Of Spindle Microtubules To Kinetochore (GO:0051988),1/9,0.3659176723142472,0.9999960484735656,0,0,2.4093559837728193,2.4222385931723287,KNSTRN
GO_Biological_Process_2023,Receptor Guanylyl Cyclase Signaling Pathway (GO:0007168),1/9,0.3659176723142472,0.9999960484735656,0,0,2.4093559837728193,2.4222385931723287,NPPB
GO_Biological_Process_2023,Protein K11-linked Deubiquitination (GO:0035871),1/9,0.3659176723142472,0.9999960484735656,0,0,2.4093559837728193,2.4222385931723287,OTUD6A
GO_Biological_Process_2023,Regulation Of Extrinsic Apoptotic Signaling Pathway In Absence Of Ligand (GO:2001239),2/27,0.3876307437852001,0.9999960484735656,0,0,1.542172588832487,1.4615201759846197,CSF2;TERT
GO_Biological_Process_2023,Positive Regulation Of Platelet Activation (GO:0010572),1/9,0.3659176723142472,0.9999960484735656,0,0,2.4093559837728193,2.4222385931723287,GP1BA
GO_Biological_Process_2023,Positive Regulation Of ATP Metabolic Process (GO:1903580),1/9,0.3659176723142472,0.9999960484735656,0,0,2.4093559837728193,2.4222385931723287,IL4
GO_Biological_Process_2023,Oligosaccharide Catabolic Process (GO:0009313),1/9,0.3659176723142472,0.9999960484735656,0,0,2.4093559837728193,2.4222385931723287,NEU2
GO_Biological_Process_2023,Nucleobase-Containing Compound Biosynthetic Process (GO:0034654),1/9,0.3659176723142472,0.9999960484735656,0,0,2.4093559837728193,2.4222385931723287,TERT
GO_Biological_Process_2023,Negative Regulation Of Telomerase Activity (GO:0051974),1/9,0.3659176723142472,0.9999960484735656,0,0,2.4093559837728193,2.4222385931723287,GDF1
GO_Biological_Process_2023,Negative Regulation Of Potassium Ion Transmembrane Transporter Activity (GO:1901017),1/9,0.3659176723142472,0.9999960484735656,0,0,2.4093559837728193,2.4222385931723287,GRP
GO_Biological_Process_2023,Negative Regulation Of Lymphocyte Apoptotic Process (GO:0070229),1/9,0.3659176723142472,0.9999960484735656,0,0,2.4093559837728193,2.4222385931723287,IL2
GO_Biological_Process_2023,Negative Regulation Of Hormone Secretion (GO:0046888),1/9,0.3659176723142472,0.9999960484735656,0,0,2.4093559837728193,2.4222385931723287,NPVF
GO_Biological_Process_2023,Mitochondrial RNA Processing (GO:0000963),1/9,0.3659176723142472,0.9999960484735656,0,0,2.4093559837728193,2.4222385931723287,FASTKD3
GO_Biological_Process_2023,Ketone Biosynthetic Process (GO:0042181),1/9,0.3659176723142472,0.9999960484735656,0,0,2.4093559837728193,2.4222385931723287,HSD17B1
GO_Biological_Process_2023,Positive Regulation Of Myoblast Fusion (GO:1901741),1/9,0.3659176723142472,0.9999960484735656,0,0,2.4093559837728193,2.4222385931723287,IL4
GO_Biological_Process_2023,Regulation Of Microtubule Polymerization Or Depolymerization (GO:0031110),2/27,0.3876307437852001,0.9999960484735656,0,0,1.542172588832487,1.4615201759846197,STMND1;GAS2L2
GO_Biological_Process_2023,Cardiac Muscle Cell Differentiation (GO:0055007),2/27,0.3876307437852001,0.9999960484735656,0,0,1.542172588832487,1.4615201759846197,MESP1;ALPK2
GO_Biological_Process_2023,Myeloid Cell Development (GO:0061515),2/27,0.3876307437852001,0.9999960484735656,0,0,1.542172588832487,1.4615201759846197,THPO;GP1BA
GO_Biological_Process_2023,Negative Regulation Of T-helper Cell Differentiation (GO:0045623),1/10,0.3972236697716603,0.9999960484735656,0,0,2.141537074599955,1.9771864329886495,IL4
GO_Biological_Process_2023,Monocyte Differentiation (GO:0030224),1/10,0.3972236697716603,0.9999960484735656,0,0,2.141537074599955,1.9771864329886495,IL31RA
GO_Biological_Process_2023,Mitotic Spindle Midzone Assembly (GO:0051256),1/10,0.3972236697716603,0.9999960484735656,0,0,2.141537074599955,1.9771864329886495,MAP10
GO_Biological_Process_2023,Mitotic Spindle Elongation (GO:0000022),1/10,0.3972236697716603,0.9999960484735656,0,0,2.141537074599955,1.9771864329886495,MAP10
GO_Biological_Process_2023,Meiotic Sister Chromatid Cohesion (GO:0051177),1/10,0.3972236697716603,0.9999960484735656,0,0,2.141537074599955,1.9771864329886495,MEIKIN
GO_Biological_Process_2023,Mast Cell Degranulation (GO:0043303),1/10,0.3972236697716603,0.9999960484735656,0,0,2.141537074599955,1.9771864329886495,GRP
GO_Biological_Process_2023,Mast Cell Activation Involved In Immune Response (GO:0002279),1/10,0.3972236697716603,0.9999960484735656,0,0,2.141537074599955,1.9771864329886495,GRP
GO_Biological_Process_2023,Thyroid Hormone Generation (GO:0006590),1/10,0.3972236697716603,0.9999960484735656,0,0,2.141537074599955,1.9771864329886495,THPO
GO_Biological_Process_2023,Telomere Maintenance Via Telomere Trimming (GO:0090737),1/10,0.3972236697716603,0.9999960484735656,0,0,2.141537074599955,1.9771864329886495,SLX4
GO_Biological_Process_2023,Formation Of Extrachromosomal Circular DNA (GO:0001325),1/10,0.3972236697716603,0.9999960484735656,0,0,2.141537074599955,1.9771864329886495,SLX4
GO_Biological_Process_2023,T-Circle Formation (GO:0090656),1/10,0.3972236697716603,0.9999960484735656,0,0,2.141537074599955,1.9771864329886495,SLX4
GO_Biological_Process_2023,snRNA Transcription By RNA Polymerase II (GO:0042795),1/10,0.3972236697716603,0.9999960484735656,0,0,2.141537074599955,1.9771864329886495,SNAPC4
GO_Biological_Process_2023,Sarcoplasmic Reticulum Calcium Ion Transport (GO:0070296),1/10,0.3972236697716603,0.9999960484735656,0,0,2.141537074599955,1.9771864329886495,TRDN
GO_Biological_Process_2023,Columnar/Cuboidal Epithelial Cell Differentiation (GO:0002065),1/10,0.3972236697716603,0.9999960484735656,0,0,2.141537074599955,1.9771864329886495,ENAM
GO_Biological_Process_2023,Regulation Of Gene Expression By Genomic Imprinting (GO:0006349),1/10,0.3972236697716603,0.9999960484735656,0,0,2.141537074599955,1.9771864329886495,ZFP57
GO_Biological_Process_2023,Regulation Of Coagulation (GO:0050818),1/10,0.3972236697716603,0.9999960484735656,0,0,2.141537074599955,1.9771864329886495,GP1BA
GO_Biological_Process_2023,Regulation Of Chromatin Binding (GO:0035561),1/10,0.3972236697716603,0.9999960484735656,0,0,2.141537074599955,1.9771864329886495,KDM4D
GO_Biological_Process_2023,Epigenetic Regulation Of Gene Expression (GO:0040029),5/83,0.3903786110421997,0.9999960484735656,0,0,1.2360306021202152,1.162657617080318,INSL6;ZFP57;H1-8;FAM47E;CTCFL
GO_Biological_Process_2023,Positive Regulation Of T Cell Differentiation (GO:0045582),4/64,0.3891073682812911,0.9999960484735656,0,0,1.28538487622923,1.213274736396068,IL4;IL36B;IL23R;IL12B
GO_Biological_Process_2023,Positive Regulation Of Immune System Process (GO:0002684),2/27,0.3876307437852001,0.9999960484735656,0,0,1.542172588832487,1.4615201759846197,TNFSF18;MADCAM1
GO_Biological_Process_2023,Positive Regulation Of Cytosolic Calcium Ion Concentration Involved In Phospholipase C-activating G Protein-Coupled Signaling Pathway (GO:0051482),2/27,0.3876307437852001,0.9999960484735656,0,0,1.542172588832487,1.4615201759846197,CALCA;F2RL2
GO_Biological_Process_2023,Glycosphingolipid Catabolic Process (GO:0046479),1/9,0.3659176723142472,0.9999960484735656,0,0,2.4093559837728193,2.4222385931723287,NEU2
GO_Biological_Process_2023,Regulation Of Mitochondrial mRNA Stability (GO:0044528),1/6,0.2619134861325965,0.9999960484735656,0,0,3.855578093306288,5.1654761866054635,FASTKD3
GO_Biological_Process_2023,Skeletal Muscle Tissue Regeneration (GO:0043403),1/9,0.3659176723142472,0.9999960484735656,0,0,2.4093559837728193,2.4222385931723287,MYMX
GO_Biological_Process_2023,Regulation Of Store-Operated Calcium Entry (GO:2001256),1/9,0.3659176723142472,0.9999960484735656,0,0,2.4093559837728193,2.4222385931723287,EFHB
GO_Biological_Process_2023,Positive Regulation Of Adaptive Immune Response (GO:0002821),1/8,0.3329874851981771,0.9999960484735656,0,0,2.7536945812807883,3.0281012698409446,FADD
GO_Biological_Process_2023,Positive Regulation Of ATP Biosynthetic Process (GO:2001171),1/8,0.3329874851981771,0.9999960484735656,0,0,2.7536945812807883,3.0281012698409446,IL4
GO_Biological_Process_2023,"Phototransduction, Visible Light (GO:0007603)",1/8,0.3329874851981771,0.9999960484735656,0,0,2.7536945812807883,3.0281012698409446,RP1
GO_Biological_Process_2023,Neuronal Action Potential (GO:0019228),1/8,0.3329874851981771,0.9999960484735656,0,0,2.7536945812807883,3.0281012698409446,KCNMB3
GO_Biological_Process_2023,Negative Regulation Of Systemic Arterial Blood Pressure (GO:0003085),1/8,0.3329874851981771,0.9999960484735656,0,0,2.7536945812807883,3.0281012698409446,NPPB
GO_Biological_Process_2023,Negative Regulation Of T Cell Cytokine Production (GO:0002725),1/8,0.3329874851981771,0.9999960484735656,0,0,2.7536945812807883,3.0281012698409446,IFNB1
GO_Biological_Process_2023,Monocyte Activation (GO:0042117),1/8,0.3329874851981771,0.9999960484735656,0,0,2.7536945812807883,3.0281012698409446,SPACA3
GO_Biological_Process_2023,Lactation (GO:0007595),1/8,0.3329874851981771,0.9999960484735656,0,0,2.7536945812807883,3.0281012698409446,CSN2
GO_Biological_Process_2023,Intermembrane Lipid Transfer (GO:0120009),1/8,0.3329874851981771,0.9999960484735656,0,0,2.7536945812807883,3.0281012698409446,GLTPD2
GO_Biological_Process_2023,Positive Regulation Of Chromatin Binding (GO:0035563),1/8,0.3329874851981771,0.9999960484735656,0,0,2.7536945812807883,3.0281012698409446,KDM4D
GO_Biological_Process_2023,Interleukin-12-Mediated Signaling Pathway (GO:0035722),1/8,0.3329874851981771,0.9999960484735656,0,0,2.7536945812807883,3.0281012698409446,IL12B
GO_Biological_Process_2023,Tyrosine Phosphorylation Of STAT Protein (GO:0007260),1/8,0.3329874851981771,0.9999960484735656,0,0,2.7536945812807883,3.0281012698409446,IL21
GO_Biological_Process_2023,Glucosamine-Containing Compound Catabolic Process (GO:1901072),1/8,0.3329874851981771,0.9999960484735656,0,0,2.7536945812807883,3.0281012698409446,OVGP1
GO_Biological_Process_2023,Skin Morphogenesis (GO:0043589),1/8,0.3329874851981771,0.9999960484735656,0,0,2.7536945812807883,3.0281012698409446,CDSN
GO_Biological_Process_2023,Sequestering Of Actin Monomers (GO:0042989),1/8,0.3329874851981771,0.9999960484735656,0,0,2.7536945812807883,3.0281012698409446,PFN4
GO_Biological_Process_2023,Constitutive Heterochromatin Formation (GO:0140719),1/8,0.3329874851981771,0.9999960484735656,0,0,2.7536945812807883,3.0281012698409446,INSL6
GO_Biological_Process_2023,Regulation Of Urine Volume (GO:0035809),1/8,0.3329874851981771,0.9999960484735656,0,0,2.7536945812807883,3.0281012698409446,NPPB
GO_Biological_Process_2023,Bone Resorption (GO:0045453),1/8,0.3329874851981771,0.9999960484735656,0,0,2.7536945812807883,3.0281012698409446,PTH
GO_Biological_Process_2023,Apoptotic DNA Fragmentation (GO:0006309),1/8,0.3329874851981771,0.9999960484735656,0,0,2.7536945812807883,3.0281012698409446,DNASE2B
GO_Biological_Process_2023,N-acylphosphatidylethanolamine Metabolic Process (GO:0070292),1/8,0.3329874851981771,0.9999960484735656,0,0,2.7536945812807883,3.0281012698409446,PLAAT5
GO_Biological_Process_2023,Vascular Associated Smooth Muscle Cell Differentiation (GO:0035886),1/8,0.3329874851981771,0.9999960484735656,0,0,2.7536945812807883,3.0281012698409446,MESP1
GO_Biological_Process_2023,Positive Regulation Of Epithelial Cell Proliferation Involved In Wound Healing (GO:0060054),1/8,0.3329874851981771,0.9999960484735656,0,0,2.7536945812807883,3.0281012698409446,ODAM
GO_Biological_Process_2023,Positive Regulation Of Inositol Phosphate Biosynthetic Process (GO:0060732),1/8,0.3329874851981771,0.9999960484735656,0,0,2.7536945812807883,3.0281012698409446,PTH
GO_Biological_Process_2023,Positive Regulation Of Megakaryocyte Differentiation (GO:0045654),1/8,0.3329874851981771,0.9999960484735656,0,0,2.7536945812807883,3.0281012698409446,THPO
GO_Biological_Process_2023,Regulation Of Sequestering Of Calcium Ion (GO:0051282),1/9,0.3659176723142472,0.9999960484735656,0,0,2.4093559837728193,2.4222385931723287,TRDN
GO_Biological_Process_2023,Regulation Of Protein Localization To Centrosome (GO:1904779),1/9,0.3659176723142472,0.9999960484735656,0,0,2.4093559837728193,2.4222385931723287,CEP72
GO_Biological_Process_2023,cGMP Biosynthetic Process (GO:0006182),1/9,0.3659176723142472,0.9999960484735656,0,0,2.4093559837728193,2.4222385931723287,NPPB
GO_Biological_Process_2023,Alpha-Linolenic Acid Metabolic Process (GO:0036109),1/9,0.3659176723142472,0.9999960484735656,0,0,2.4093559837728193,2.4222385931723287,ELOVL3
GO_Biological_Process_2023,Adrenal Gland Development (GO:0030325),1/9,0.3659176723142472,0.9999960484735656,0,0,2.4093559837728193,2.4222385931723287,NR0B1
GO_Biological_Process_2023,T-helper 1 Type Immune Response (GO:0042088),1/9,0.3659176723142472,0.9999960484735656,0,0,2.4093559837728193,2.4222385931723287,IL12B
GO_Biological_Process_2023,Regulation Of Histone Methylation (GO:0031060),1/9,0.3659176723142472,0.9999960484735656,0,0,2.4093559837728193,2.4222385931723287,FAM47E
GO_Biological_Process_2023,Regulation Of Hair Cycle (GO:0042634),1/9,0.3659176723142472,0.9999960484735656,0,0,2.4093559837728193,2.4222385931723287,TERT
GO_Biological_Process_2023,Positive Regulation Of Biomineral Tissue Development (GO:0070169),3/43,0.3571289881923729,0.9999960484735656,0,0,1.4461128048780487,1.4890019814144282,PTH;AMTN;ODAPH
GO_Biological_Process_2023,Negative Regulation Of BMP Signaling Pathway (GO:0030514),3/43,0.3571289881923729,0.9999960484735656,0,0,1.4461128048780487,1.4890019814144282,GDF3;CER1;DAND5
GO_Biological_Process_2023,Regulation Of Biomineral Tissue Development (GO:0070167),2/25,0.3516645305732069,0.9999960484735656,0,0,1.6764511145442509,1.7520215005289137,AMTN;ODAPH
GO_Biological_Process_2023,Positive Regulation Of Striated Muscle Cell Differentiation (GO:0051155),2/25,0.3516645305732069,0.9999960484735656,0,0,1.6764511145442509,1.7520215005289137,MESP1;MYLK3
GO_Biological_Process_2023,Positive Regulation Of Glucose Import (GO:0046326),2/25,0.3516645305732069,0.9999960484735656,0,0,1.6764511145442509,1.7520215005289137,PTH;FGF19
GO_Biological_Process_2023,Phosphatidylethanolamine Metabolic Process (GO:0046337),2/25,0.3516645305732069,0.9999960484735656,0,0,1.6764511145442509,1.7520215005289137,PLA2G3;PLAAT5
GO_Biological_Process_2023,Lysosome Localization (GO:0032418),3/42,0.3434465925884791,0.9999960484735656,0,0,1.483270794246404,1.5852065912561613,CHGA;GRP;MAP6
GO_Biological_Process_2023,Determination Of Heart Left/Right Asymmetry (GO:0061371),3/42,0.3434465925884791,0.9999960484735656,0,0,1.483270794246404,1.5852065912561613,MESP1;CER1;DAND5
GO_Biological_Process_2023,Positive Regulation Of Natural Killer Cell Mediated Immunity (GO:0002717),2/24,0.3334022258319677,0.9999960484735656,0,0,1.7527457314259345,1.9252257837860045,IL21;IL12A
GO_Biological_Process_2023,Gliogenesis (GO:0042063),2/24,0.3334022258319677,0.9999960484735656,0,0,1.7527457314259345,1.9252257837860045,GCM2;NCAN
GO_Biological_Process_2023,Acylglycerol Catabolic Process (GO:0046464),2/24,0.3334022258319677,0.9999960484735656,0,0,1.7527457314259345,1.9252257837860045,PNPLA5;PNPLA1
GO_Biological_Process_2023,Pyrimidine-Containing Compound Metabolic Process (GO:0072527),1/8,0.3329874851981771,0.9999960484735656,0,0,2.7536945812807883,3.0281012698409446,SLC19A3
GO_Biological_Process_2023,Positive Regulation Of Peptide Secretion (GO:0002793),1/8,0.3329874851981771,0.9999960484735656,0,0,2.7536945812807883,3.0281012698409446,GRP
GO_Biological_Process_2023,Response To Interleukin-4 (GO:0070670),1/9,0.3659176723142472,0.9999960484735656,0,0,2.4093559837728193,2.4222385931723287,RUFY4
GO_Biological_Process_2023,Negative Regulation Of Adenylate Cyclase Activity (GO:0007194),1/10,0.3972236697716603,0.9999960484735656,0,0,2.141537074599955,1.9771864329886495,AKAP5
GO_Biological_Process_2023,Regulation Of Male Gonad Development (GO:2000018),1/6,0.2619134861325965,0.9999960484735656,0,0,3.855578093306288,5.1654761866054635,SRY
GO_Biological_Process_2023,TRAIL-activated Apoptotic Signaling Pathway (GO:0036462),1/6,0.2619134861325965,0.9999960484735656,0,0,3.855578093306288,5.1654761866054635,FADD
GO_Biological_Process_2023,Regulation Of Immunoglobulin Production (GO:0002637),3/27,0.1462365685581703,0.9999960484735656,0,0,2.4122205284552845,4.6375654545376195,IL21;IL4;IL2
GO_Biological_Process_2023,Positive Regulation Of Response To Biotic Stimulus (GO:0002833),4/41,0.1423132965239529,0.9999960484735656,0,0,2.0869373951774763,4.068952631609588,NLRP10;IFNB1;IFNK;FADD
GO_Biological_Process_2023,Negative Regulation Of DNA Recombination (GO:0045910),4/41,0.1423132965239529,0.9999960484735656,0,0,2.0869373951774763,4.068952631609588,INSL6;H1-7;H1-6;H1-8
GO_Biological_Process_2023,Mitotic DNA Damage Checkpoint Signaling (GO:0044773),5/56,0.1415440854953327,0.9999960484735656,0,0,1.8930953236691823,3.701274062228836,EME1;EME2;HUS1B;RAD9B;TICRR
GO_Biological_Process_2023,Negative Regulation Of Secretion By Cell (GO:1903531),4/40,0.1333054478598574,0.9999960484735656,0,0,2.1450209110432916,4.322457771633477,CHGA;IL12B;IL12A;TRH
GO_Biological_Process_2023,Regulation Of Microtubule Cytoskeleton Organization (GO:0070507),4/40,0.1333054478598574,0.9999960484735656,0,0,2.1450209110432916,4.322457771633477,FRMPD2;STMND1;MAP6;GAS2L2
GO_Biological_Process_2023,Positive Regulation Of Granulocyte Macrophage Colony-Stimulating Factor Production (GO:0032725),2/13,0.132502529597908,0.9999960484735656,0,0,3.507521919704661,7.089240353172929,IL23R;IL12B
GO_Biological_Process_2023,Eye Photoreceptor Cell Development (GO:0042462),2/13,0.132502529597908,0.9999960484735656,0,0,3.507521919704661,7.089240353172929,RPGRIP1;RP1
GO_Biological_Process_2023,Embryonic Hemopoiesis (GO:0035162),2/13,0.132502529597908,0.9999960484735656,0,0,3.507521919704661,7.089240353172929,IL3;THPO
GO_Biological_Process_2023,Negative Regulation Of NIK/NF-kappaB Signaling (GO:1901223),3/27,0.1462365685581703,0.9999960484735656,0,0,2.4122205284552845,4.6375654545376195,TRIM60;TRIM40;NLRP2
GO_Biological_Process_2023,Cellular Response To Interleukin-4 (GO:0071353),2/13,0.132502529597908,0.9999960484735656,0,0,3.507521919704661,7.089240353172929,IL4;RUFY4
GO_Biological_Process_2023,Regulation Of Leukocyte Migration (GO:0002685),2/13,0.132502529597908,0.9999960484735656,0,0,3.507521919704661,7.089240353172929,TNFSF18;MADCAM1
GO_Biological_Process_2023,Negative Regulation Of Protein Transport (GO:0051224),3/25,0.1233856861191981,0.9999960484735656,0,0,2.631790465631929,5.506864089394,RSC1A1;IL12B;IL12A
GO_Biological_Process_2023,Response To dsRNA (GO:0043331),3/25,0.1233856861191981,0.9999960484735656,0,0,2.631790465631929,5.506864089394,IFNB1;IFNE;IFNK
GO_Biological_Process_2023,Regulation Of Glycogen Biosynthetic Process (GO:0005979),3/25,0.1233856861191981,0.9999960484735656,0,0,2.631790465631929,5.506864089394,PPP1R3G;PTH;PPP1R3A
GO_Biological_Process_2023,Regulation Of Double-Strand Break Repair Via Nonhomologous End Joining (GO:2001032),3/25,0.1233856861191981,0.9999960484735656,0,0,2.631790465631929,5.506864089394,INSL6;KDM4D;AUNIP
GO_Biological_Process_2023,Neuropeptide Signaling Pathway (GO:0007218),6/68,0.1183678330225697,0.9999960484735656,0,0,1.8694880142053865,3.989409416051242,NPPB;GRP;NPVF;PPY;PDYN;QRFP
GO_Biological_Process_2023,Mitotic DNA Integrity Checkpoint Signaling (GO:0044774),2/12,0.1157538995271622,0.9999960484735656,0,0,3.858477157360406,8.319991455147765,HUS1B;TICRR
GO_Biological_Process_2023,Mesoderm Morphogenesis (GO:0048332),2/12,0.1157538995271622,0.9999960484735656,0,0,3.858477157360406,8.319991455147765,MESP2;MESP1
GO_Biological_Process_2023,Granulocyte Activation (GO:0036230),2/12,0.1157538995271622,0.9999960484735656,0,0,3.858477157360406,8.319991455147765,CXCL6;PRG3
GO_Biological_Process_2023,Body Fluid Secretion (GO:0007589),2/13,0.132502529597908,0.9999960484735656,0,0,3.507521919704661,7.089240353172929,NPPB;CSN2
GO_Biological_Process_2023,Triglyceride Catabolic Process (GO:0019433),2/12,0.1157538995271622,0.9999960484735656,0,0,3.858477157360406,8.319991455147765,PNPLA5;PNPLA1
GO_Biological_Process_2023,Regulation Of Feeding Behavior (GO:0060259),2/14,0.1497526905005485,0.9999960484735656,0,0,3.2150592216582066,6.104658241151968,QRFP;INSL5
GO_Biological_Process_2023,Establishment Of Spindle Localization (GO:0051293),2/14,0.1497526905005485,0.9999960484735656,0,0,3.2150592216582066,6.104658241151968,NLRP5;TLE6
GO_Biological_Process_2023,Positive Regulation Of B Cell Proliferation (GO:0030890),3/29,0.1703301110496997,0.9999960484735656,0,0,2.2264305816135086,3.9408197453165625,IL21;IL4;IL2
GO_Biological_Process_2023,Heterotypic Cell-Cell Adhesion (GO:0034113),3/29,0.1703301110496997,0.9999960484735656,0,0,2.2264305816135086,3.9408197453165625,RNASE10;IZUMO1;MADCAM1
GO_Biological_Process_2023,Positive Regulation Of Secretion (GO:0051047),2/15,0.1674142256726113,0.9999960484735656,0,0,2.9675907848496683,5.303927956871629,NPPB;TRH
GO_Biological_Process_2023,Positive Regulation Of Isotype Switching (GO:0045830),2/15,0.1674142256726113,0.9999960484735656,0,0,2.9675907848496683,5.303927956871629,IL4;INSL6
GO_Biological_Process_2023,Negative Regulation Of Macrophage Activation (GO:0043031),2/15,0.1674142256726113,0.9999960484735656,0,0,2.9675907848496683,5.303927956871629,IL4;IL31RA
GO_Biological_Process_2023,Negative Regulation Of Epithelial Cell Differentiation (GO:0030857),2/15,0.1674142256726113,0.9999960484735656,0,0,2.9675907848496683,5.303927956871629,IL13;GDF3
GO_Biological_Process_2023,Regulation Of Systemic Arterial Blood Pressure (GO:0003073),2/15,0.1674142256726113,0.9999960484735656,0,0,2.9675907848496683,5.303927956871629,NPPB;ADM2
GO_Biological_Process_2023,Cardiac Myofibril Assembly (GO:0055003),2/15,0.1674142256726113,0.9999960484735656,0,0,2.9675907848496683,5.303927956871629,ADPRHL1;MYLK3
GO_Biological_Process_2023,Regulation Of Isotype Switching (GO:0045191),2/15,0.1674142256726113,0.9999960484735656,0,0,2.9675907848496683,5.303927956871629,IL4;INSL6
GO_Biological_Process_2023,Establishment Of Protein Localization To Chromosome (GO:0070199),2/14,0.1497526905005485,0.9999960484735656,0,0,3.2150592216582066,6.104658241151968,TERT;CTCFL
GO_Biological_Process_2023,Cilium Movement (GO:0003341),5/59,0.1652662564096447,0.9999960484735656,0,0,1.7876404918156446,3.218105819928607,CFAP100;CFAP73;PIERCE2;PIERCE1;TTLL8
GO_Biological_Process_2023,DNA-templated DNA Replication Maintenance Of Fidelity (GO:0045005),4/43,0.1610146155077449,0.9999960484735656,0,0,1.9797062889636643,3.615458681604104,KHDC3L;EME1;EME2;CENPS
GO_Biological_Process_2023,Positive Regulation Of Defense Response To Virus By Host (GO:0002230),3/28,0.1581412911420188,0.9999960484735656,0,0,2.315609756097561,4.270601263639918,IL4;IL23R;IL12B
GO_Biological_Process_2023,Positive Regulation Of Lymphocyte Proliferation (GO:0050671),6/74,0.1578640048239538,0.9999960484735656,0,0,1.7039935240151107,3.145608418023396,IL21;IL4;IL23R;IL12B;IL12A;IL2
GO_Biological_Process_2023,Positive Regulation Of Type II Interferon Production (GO:0032729),5/58,0.1571891081966759,0.9999960484735656,0,0,1.821465626561119,3.370268208718022,IL21;IL23R;IL12B;IL12A;FADD
GO_Biological_Process_2023,Regulation Of Peptidyl-Tyrosine Phosphorylation (GO:0050730),7/90,0.1560467187830763,0.9999960484735656,0,0,1.6290877796901893,3.026193194318928,ANGPT4;IL3;IL5;IL23R;CLEC6A;IL12B;IL22RA2
GO_Biological_Process_2023,Odontogenesis Of Dentin-Containing Tooth (GO:0042475),2/14,0.1497526905005485,0.9999960484735656,0,0,3.2150592216582066,6.104658241151968,ODAM;AMTN
GO_Biological_Process_2023,Inner Dynein Arm Assembly (GO:0036159),2/14,0.1497526905005485,0.9999960484735656,0,0,3.2150592216582066,6.104658241151968,CFAP100;CFAP73
GO_Biological_Process_2023,Synaptonemal Complex Organization (GO:0070193),2/14,0.1497526905005485,0.9999960484735656,0,0,3.2150592216582066,6.104658241151968,SYCE1;TEX15
GO_Biological_Process_2023,Synaptonemal Complex Assembly (GO:0007130),2/14,0.1497526905005485,0.9999960484735656,0,0,3.2150592216582066,6.104658241151968,SYCE1;TEX15
GO_Biological_Process_2023,Positive Regulation Of T Cell Mediated Immunity (GO:0002711),4/43,0.1610146155077449,0.9999960484735656,0,0,1.9797062889636643,3.615458681604104,IL23R;IL12B;IL12A;FADD
GO_Biological_Process_2023,Mononuclear Cell Differentiation (GO:1903131),3/24,0.1124928400698292,0.9999960484735656,0,0,2.75725900116144,6.024240626440604,IL4;CSF2;IL31RA
GO_Biological_Process_2023,Adenylate Cyclase-Modulating G Protein-Coupled Receptor Signaling Pathway (GO:0007188),12/163,0.1087271056451321,0.9999960484735656,0,0,1.537401935812532,3.411362915730312,ADGRG4;ADGRF3;CORT;CALCA;UCN3;PTH;ADM2;GHRH;UTS2;AKAP5;INSL3;TCP11
GO_Biological_Process_2023,Positive Regulation Of Leukocyte Mediated Cytotoxicity (GO:0001912),5/51,0.1056932356389587,0.9999960484735656,0,0,2.0994199946869743,4.717846810119648,IL21;IL23R;IL12B;IL12A;FADD
GO_Biological_Process_2023,Regulation Of Activated T Cell Proliferation (GO:0046006),4/33,0.0776719765407144,0.9999960484735656,0,0,2.6637667941207424,6.806618733358419,IL23R;IL12B;FADD;IL2
GO_Biological_Process_2023,Positive Regulation Of T Cell Mediated Cytotoxicity (GO:0001916),4/33,0.0776719765407144,0.9999960484735656,0,0,2.6637667941207424,6.806618733358419,IL23R;IL12B;IL12A;FADD
GO_Biological_Process_2023,Positive Regulation Of Embryonic Development (GO:0040019),3/20,0.0730826794507655,0.9999960484735656,0,0,3.4067431850789096,8.912598481230873,KHDC3L;NLRP5;TLE6
GO_Biological_Process_2023,Negative Regulation Of Reproductive Process (GO:2000242),3/20,0.0730826794507655,0.9999960484735656,0,0,3.4067431850789096,8.912598481230873,WEE2;SPINK13;EPPIN
GO_Biological_Process_2023,Natural Killer Cell Activation (GO:0030101),5/45,0.0695579508778394,0.9999960484735656,0,0,2.4150967413441955,6.437669914821052,IFNB1;IFNE;IFNK;IL12B;IL2
GO_Biological_Process_2023,Positive Regulation Of Tissue Remodeling (GO:0034105),2/9,0.0695459514341575,0.9999960484735656,0,0,5.512980420594634,14.696324436767735,IL21;IL2
GO_Biological_Process_2023,Negative Regulation Of Vascular Endothelial Growth Factor Signaling Pathway (GO:1900747),2/9,0.0695459514341575,0.9999960484735656,0,0,5.512980420594634,14.696324436767735,IL12B;IL12A
GO_Biological_Process_2023,Mitotic DNA Replication Checkpoint Signaling (GO:0033314),2/9,0.0695459514341575,0.9999960484735656,0,0,5.512980420594634,14.696324436767735,HUS1B;TICRR
GO_Biological_Process_2023,Telomeric Loop Disassembly (GO:0090657),2/9,0.0695459514341575,0.9999960484735656,0,0,5.512980420594634,14.696324436767735,RECQL4;SLX4
GO_Biological_Process_2023,Macrophage Differentiation (GO:0030225),3/21,0.0822603019500868,0.9999960484735656,0,0,3.217310298102981,8.036412081878275,IL1RL1;CSF2;IL31RA
GO_Biological_Process_2023,Sequestering Of Extracellular Ligand From Receptor (GO:0035581),2/9,0.0695459514341575,0.9999960484735656,0,0,5.512980420594634,14.696324436767735,CER1;DAND5
GO_Biological_Process_2023,Regulation Of Natural Killer Cell Proliferation (GO:0032817),2/9,0.0695459514341575,0.9999960484735656,0,0,5.512980420594634,14.696324436767735,IL23R;IL12B
GO_Biological_Process_2023,Regulation Of Memory T Cell Differentiation (GO:0043380),2/9,0.0695459514341575,0.9999960484735656,0,0,5.512980420594634,14.696324436767735,IL23R;IL12B
GO_Biological_Process_2023,Regulation Of Complement-Dependent Cytotoxicity (GO:1903659),2/9,0.0695459514341575,0.9999960484735656,0,0,5.512980420594634,14.696324436767735,IL4;IL13
GO_Biological_Process_2023,Receptor Signaling Pathway Via STAT (GO:0097696),4/31,0.064443235611078,0.9999960484735656,0,0,2.861384273388343,7.84583129744865,CSF2;THPO;IFNB1;IL31RA
GO_Biological_Process_2023,Positive Regulation Of Alpha-Beta T Cell Activation (GO:0046635),3/19,0.0643949569960337,0.9999960484735656,0,0,3.619855182926829,9.928249049683336,IL23R;IL12B;IL12A
GO_Biological_Process_2023,Gastrulation (GO:0007369),3/19,0.0643949569960337,0.9999960484735656,0,0,3.619855182926829,9.928249049683336,MESP1;CER1;MIXL1
GO_Biological_Process_2023,Regulation Of Tissue Remodeling (GO:0034103),3/19,0.0643949569960337,0.9999960484735656,0,0,3.619855182926829,9.928249049683336,IL21;IL12B;IL2
GO_Biological_Process_2023,Regulation Of DNA Recombination (GO:0000018),5/44,0.0643185588500169,0.9999960484735656,0,0,2.4771528539349315,6.79707720535741,IL4;H1-7;H1-6;H1-8;TEX15
GO_Biological_Process_2023,Antimicrobial Humoral Response (GO:0019730),9/100,0.0586209996671485,0.9999960484735656,0,0,1.9135036742398703,5.427963715446941,WFDC12;WFDC11;CXCL6;WFDC9;DEFB118;WFDC10A;WFDC5;WFDC13;GALP
GO_Biological_Process_2023,Biomineral Tissue Development (GO:0031214),2/9,0.0695459514341575,0.9999960484735656,0,0,5.512980420594634,14.696324436767735,MEPE;OC90
GO_Biological_Process_2023,Positive Regulation Of Natural Killer Cell Mediated Cytotoxicity (GO:0045954),3/21,0.0822603019500868,0.9999960484735656,0,0,3.217310298102981,8.036412081878275,IL21;IL12B;IL12A
GO_Biological_Process_2023,Regulation Of Smooth Muscle Cell Apoptotic Process (GO:0034391),2/10,0.0841636313795019,0.9999960484735656,0,0,4.823604060913706,11.93838330648916,IL12B;IL12A
GO_Biological_Process_2023,Cellular Response To Interleukin-12 (GO:0071349),2/10,0.0841636313795019,0.9999960484735656,0,0,4.823604060913706,11.93838330648916,IL12B;IL12A
GO_Biological_Process_2023,Lymphocyte Activation Involved In Immune Response (GO:0002285),3/23,0.1019903910700839,0.9999960484735656,0,0,2.8952743902439027,6.609554374170147,IFNB1;IFNE;IFNK
GO_Biological_Process_2023,Positive Regulation Of T Cell Proliferation (GO:0042102),6/65,0.1007143079744299,0.9999960484735656,0,0,1.9648577204167317,4.510266851112231,IL21;IL4;IL23R;IL12B;FADD;IL2
GO_Biological_Process_2023,Regulation Of T Cell Mediated Cytotoxicity (GO:0001914),4/36,0.0998230635241542,0.9999960484735656,0,0,2.4136571719226856,5.561925446228794,IL23R;IL12B;IL12A;FADD
GO_Biological_Process_2023,Receptor Signaling Pathway Via JAK-STAT (GO:0007259),4/36,0.0998230635241542,0.9999960484735656,0,0,2.4136571719226856,5.561925446228794,IL21;CSF2;IFNB1;IL31RA
GO_Biological_Process_2023,Protein Polyglutamylation (GO:0018095),2/11,0.0996051894588654,0.9999960484735656,0,0,4.287422447828539,9.889115714893984,TTLL6;TTLL2
GO_Biological_Process_2023,Positive Regulation Of Behavior (GO:0048520),2/11,0.0996051894588654,0.9999960484735656,0,0,4.287422447828539,9.889115714893984,GRP;INSL5
GO_Biological_Process_2023,Negative Regulation Of Cellular Response To Vascular Endothelial Growth Factor Stimulus (GO:1902548),2/11,0.0996051894588654,0.9999960484735656,0,0,4.287422447828539,9.889115714893984,IL12B;IL12A
GO_Biological_Process_2023,Heterocycle Biosynthetic Process (GO:0018130),2/11,0.0996051894588654,0.9999960484735656,0,0,4.287422447828539,9.889115714893984,NOXRED1;PRG3
GO_Biological_Process_2023,Digestive System Development (GO:0055123),2/11,0.0996051894588654,0.9999960484735656,0,0,4.287422447828539,9.889115714893984,NKX2-6;MIXL1
GO_Biological_Process_2023,Biogenic Amine Biosynthetic Process (GO:0042401),2/11,0.0996051894588654,0.9999960484735656,0,0,4.287422447828539,9.889115714893984,ASMT;PRG3
GO_Biological_Process_2023,Regulation Of Glycogen Metabolic Process (GO:0070873),2/11,0.0996051894588654,0.9999960484735656,0,0,4.287422447828539,9.889115714893984,PPP1R3G;PPP1R3A
GO_Biological_Process_2023,DNA Methylation-Dependent Heterochromatin Formation (GO:0006346),2/11,0.0996051894588654,0.9999960484735656,0,0,4.287422447828539,9.889115714893984,TEX15;MBD3L1
GO_Biological_Process_2023,Recombinational Repair (GO:0000725),8/95,0.0970484359951269,0.9999960484735656,0,0,1.7776525424723797,4.146454700695692,RECQL4;SWSAP1;EID3;SLX4;KDM4D;HUS1B;AUNIP;PALB2
GO_Biological_Process_2023,Adenylate Cyclase-Activating G Protein-Coupled Receptor Signaling Pathway (GO:0007189),9/110,0.0937287321005581,0.9999960484735656,0,0,1.7231367308509993,4.079268596974709,ADGRG4;ADGRF3;CALCA;UCN3;PTH;ADM2;GHRH;UTS2;TCP11
GO_Biological_Process_2023,Natural Killer Cell Activation Involved In Immune Response (GO:0002323),3/22,0.0919043975824872,0.9999960484735656,0,0,3.0478177150192556,7.275160388562378,IFNB1;IFNE;IFNK
GO_Biological_Process_2023,Dendritic Cell Differentiation (GO:0097028),3/22,0.0919043975824872,0.9999960484735656,0,0,3.0478177150192556,7.275160388562378,IL4;CSF2;UBD
GO_Biological_Process_2023,Regulation Of T-helper 2 Cell Cytokine Production (GO:2000551),2/10,0.0841636313795019,0.9999960484735656,0,0,4.823604060913706,11.93838330648916,IL4;IFNB1
GO_Biological_Process_2023,Negative Regulation Of Steroid Biosynthetic Process (GO:0010894),2/10,0.0841636313795019,0.9999960484735656,0,0,4.823604060913706,11.93838330648916,FGF19;NR0B1
GO_Biological_Process_2023,Negative Regulation Of Interleukin-17 Production (GO:0032700),2/10,0.0841636313795019,0.9999960484735656,0,0,4.823604060913706,11.93838330648916,IL12B;IL12A
GO_Biological_Process_2023,Megakaryocyte Development (GO:0035855),2/10,0.0841636313795019,0.9999960484735656,0,0,4.823604060913706,11.93838330648916,THPO;GP1BA
GO_Biological_Process_2023,Engulfment Of Apoptotic Cell (GO:0043652),2/10,0.0841636313795019,0.9999960484735656,0,0,4.823604060913706,11.93838330648916,XKR8;XKR5
GO_Biological_Process_2023,Negative Regulation Of Peptidase Activity (GO:0010466),5/60,0.1735041445616915,0.9999960484735656,0,0,1.7550453619700055,3.0740563587447243,SERPINA2;SERPINA12;SERPINE3;SERPINA9;EPPIN
GO_Biological_Process_2023,Chromosome Organization (GO:0051276),4/45,0.1805502037663764,0.9999960484735656,0,0,1.882936754087785,3.223110215269303,PRM2;H1-7;H1-6;H1-8
GO_Biological_Process_2023,Determination Of Left/Right Symmetry (GO:0007368),4/45,0.1805502037663764,0.9999960484735656,0,0,1.882936754087785,3.223110215269303,PIERCE2;CER1;DAND5;PIERCE1
GO_Biological_Process_2023,Positive Regulation Of Innate Immune Response (GO:0045089),4/45,0.1805502037663764,0.9999960484735656,0,0,1.882936754087785,3.223110215269303,IFNB1;IFNK;FADD;USP29
GO_Biological_Process_2023,Positive Regulation Of Growth Hormone Secretion (GO:0060124),1/5,0.22358802685569,0.9999960484735656,0,0,4.819726166328601,7.2197092267553264,GHRH
GO_Biological_Process_2023,Positive Regulation Of Gonad Development (GO:1905941),1/5,0.22358802685569,0.9999960484735656,0,0,4.819726166328601,7.2197092267553264,SRY
GO_Biological_Process_2023,Negative Regulation Of Meiotic Cell Cycle (GO:0051447),1/5,0.22358802685569,0.9999960484735656,0,0,4.819726166328601,7.2197092267553264,FBXO43
GO_Biological_Process_2023,Negative Regulation Of Amino Acid Transport (GO:0051956),1/5,0.22358802685569,0.9999960484735656,0,0,4.819726166328601,7.2197092267553264,TRH
GO_Biological_Process_2023,Multinuclear Osteoclast Differentiation (GO:0072674),1/5,0.22358802685569,0.9999960484735656,0,0,4.819726166328601,7.2197092267553264,OCSTAMP
GO_Biological_Process_2023,mRNA 3'-End Processing By Stem-Loop Binding And Cleavage (GO:0006398),1/5,0.22358802685569,0.9999960484735656,0,0,4.819726166328601,7.2197092267553264,ZNF473
GO_Biological_Process_2023,Intracellular Phosphate Ion Homeostasis (GO:0030643),1/5,0.22358802685569,0.9999960484735656,0,0,4.819726166328601,7.2197092267553264,GCM2
GO_Biological_Process_2023,Interleukin-5-Mediated Signaling Pathway (GO:0038043),1/5,0.22358802685569,0.9999960484735656,0,0,4.819726166328601,7.2197092267553264,IL5
GO_Biological_Process_2023,Inclusion Body Assembly (GO:0070841),1/5,0.22358802685569,0.9999960484735656,0,0,4.819726166328601,7.2197092267553264,UBD
GO_Biological_Process_2023,Positive Regulation Of Male Gonad Development (GO:2000020),1/5,0.22358802685569,0.9999960484735656,0,0,4.819726166328601,7.2197092267553264,SRY
GO_Biological_Process_2023,Histone Arginine Methylation (GO:0034969),1/5,0.22358802685569,0.9999960484735656,0,0,4.819726166328601,7.2197092267553264,PRDM14
GO_Biological_Process_2023,Glucocorticoid Biosynthetic Process (GO:0006704),1/5,0.22358802685569,0.9999960484735656,0,0,4.819726166328601,7.2197092267553264,CYP17A1
GO_Biological_Process_2023,Tongue Development (GO:0043586),1/5,0.22358802685569,0.9999960484735656,0,0,4.819726166328601,7.2197092267553264,NKX2-6
GO_Biological_Process_2023,Thiamine-Containing Compound Metabolic Process (GO:0042723),1/5,0.22358802685569,0.9999960484735656,0,0,4.819726166328601,7.2197092267553264,SLC19A3
GO_Biological_Process_2023,Thiamine Transmembrane Transport (GO:0071934),1/5,0.22358802685569,0.9999960484735656,0,0,4.819726166328601,7.2197092267553264,SLC19A3
GO_Biological_Process_2023,tRNA Transport (GO:0051031),1/5,0.22358802685569,0.9999960484735656,0,0,4.819726166328601,7.2197092267553264,TOMM20L
GO_Biological_Process_2023,Female Gonad Development (GO:0008585),1/5,0.22358802685569,0.9999960484735656,0,0,4.819726166328601,7.2197092267553264,ZFP42
GO_Biological_Process_2023,Subtelomeric Heterochromatin Formation (GO:0031509),1/5,0.22358802685569,0.9999960484735656,0,0,4.819726166328601,7.2197092267553264,INSL6
GO_Biological_Process_2023,Establishment Of Protein Localization To Telomere (GO:0070200),1/5,0.22358802685569,0.9999960484735656,0,0,4.819726166328601,7.2197092267553264,TERT
GO_Biological_Process_2023,Double-Strand Break Repair Via Single-Strand Annealing (GO:0045002),1/5,0.22358802685569,0.9999960484735656,0,0,4.819726166328601,7.2197092267553264,SLX4
GO_Biological_Process_2023,Ventricular Cardiac Muscle Cell Development (GO:0055015),1/5,0.22358802685569,0.9999960484735656,0,0,4.819726166328601,7.2197092267553264,NKX2-6
GO_Biological_Process_2023,Positive Regulation Of Urine Volume (GO:0035810),1/5,0.22358802685569,0.9999960484735656,0,0,4.819726166328601,7.2197092267553264,NPPB
GO_Biological_Process_2023,Protein Localization To Non-Motile Cilium (GO:0097499),1/5,0.22358802685569,0.9999960484735656,0,0,4.819726166328601,7.2197092267553264,PCARE
GO_Biological_Process_2023,Protein Modification By Small Protein Conjugation Or Removal (GO:0070647),1/5,0.22358802685569,0.9999960484735656,0,0,4.819726166328601,7.2197092267553264,UBD
GO_Biological_Process_2023,Regulation Of Inositol Phosphate Biosynthetic Process (GO:0010919),1/6,0.2619134861325965,0.9999960484735656,0,0,3.855578093306288,5.1654761866054635,PTH
GO_Biological_Process_2023,Regulation Of Growth Hormone Secretion (GO:0060123),1/6,0.2619134861325965,0.9999960484735656,0,0,3.855578093306288,5.1654761866054635,GHRH
GO_Biological_Process_2023,Interstrand Cross-Link Repair (GO:0036297),3/36,0.261459886395794,0.9999960484735656,0,0,1.753510716925351,2.3522897462585877,FANCE;HROB;CENPS
GO_Biological_Process_2023,Positive Regulation Of Epithelial Cell Differentiation (GO:0030858),2/20,0.2592442703336634,0.9999960484735656,0,0,2.1426959954878737,2.892606452931729,MESP1;IL13
GO_Biological_Process_2023,Mitochondrial RNA Metabolic Process (GO:0000959),2/20,0.2592442703336634,0.9999960484735656,0,0,2.1426959954878737,2.892606452931729,FASTKD3;POLRMT
GO_Biological_Process_2023,Mesoderm Formation (GO:0001707),2/20,0.2592442703336634,0.9999960484735656,0,0,2.1426959954878737,2.892606452931729,MESP2;MESP1
GO_Biological_Process_2023,Positive Regulation Of B Cell Activation (GO:0050871),4/52,0.2540651207664698,0.9999960484735656,0,0,1.6077483892845033,2.2028800313645753,IL21;IL4;INSL6;IL2
GO_Biological_Process_2023,Adenylate Cyclase-Inhibiting G Protein-Coupled Receptor Signaling Pathway (GO:0007193),4/52,0.2540651207664698,0.9999960484735656,0,0,1.6077483892845033,2.2028800313645753,CORT;HRH4;AKAP5;INSL3
GO_Biological_Process_2023,Response To Exogenous dsRNA (GO:0043330),3/35,0.2479901509162891,0.9999960484735656,0,0,1.808403201219512,2.5215763859281237,IFNB1;IFNE;IFNK
GO_Biological_Process_2023,Skin Development (GO:0043588),5/68,0.2443274806669323,0.9999960484735656,0,0,1.531535900171338,2.1583105649828407,SCEL;ASCL4;CDSN;DACT2;KRT9
GO_Biological_Process_2023,Positive Regulation Of Hormone Secretion (GO:0046887),2/19,0.2406281099879386,0.9999960484735656,0,0,2.2688563750373247,3.2319919173451437,GRP;PLA2G3
GO_Biological_Process_2023,Positive Regulation Of Histone Methylation (GO:0031062),2/19,0.2406281099879386,0.9999960484735656,0,0,2.2688563750373247,3.2319919173451437,INSL6;FAM47E
GO_Biological_Process_2023,Phosphate Ion Transport (GO:0006817),2/19,0.2406281099879386,0.9999960484735656,0,0,2.2688563750373247,3.2319919173451437,SLC17A1;SLC17A3
GO_Biological_Process_2023,Establishment Of Skin Barrier (GO:0061436),2/19,0.2406281099879386,0.9999960484735656,0,0,2.2688563750373247,3.2319919173451437,FLG2;HRNR
GO_Biological_Process_2023,Steroid Hormone Biosynthetic Process (GO:0120178),2/19,0.2406281099879386,0.9999960484735656,0,0,2.2688563750373247,3.2319919173451437,HSD17B1;CYP17A1
GO_Biological_Process_2023,Regulation Of Vascular Endothelial Growth Factor Signaling Pathway (GO:1900746),2/19,0.2406281099879386,0.9999960484735656,0,0,2.2688563750373247,3.2319919173451437,IL12B;IL12A
GO_Biological_Process_2023,Regulation Of Centriole Replication (GO:0046599),2/19,0.2406281099879386,0.9999960484735656,0,0,2.2688563750373247,3.2319919173451437,C10ORF90;CEP295NL
GO_Biological_Process_2023,Regulation Of calcineurin-NFAT Signaling Cascade (GO:0070884),3/34,0.2346317284061262,0.9999960484735656,0,0,1.8668371361132967,2.7064249361774935,C10ORF71;AKAP5;EFHB
GO_Biological_Process_2023,Positive Regulation Of Immunoglobulin Production (GO:0002639),3/34,0.2346317284061262,0.9999960484735656,0,0,1.8668371361132967,2.7064249361774935,IL21;INSL6;IL2
GO_Biological_Process_2023,Negative Regulation Of Endopeptidase Activity (GO:0010951),5/66,0.225905671397615,0.9999960484735656,0,0,1.5819171313144804,2.353319641970267,SERPINA2;SERPINA12;SERPINE3;CSN2;SERPINA9
GO_Biological_Process_2023,Regulation Of T-helper 17 Cell Lineage Commitment (GO:2000328),1/5,0.22358802685569,0.9999960484735656,0,0,4.819726166328601,7.2197092267553264,IL23R
GO_Biological_Process_2023,Response To Granulocyte Macrophage Colony-Stimulating Factor (GO:0097012),1/5,0.22358802685569,0.9999960484735656,0,0,4.819726166328601,7.2197092267553264,CSF2
GO_Biological_Process_2023,Adenosine To Inosine Editing (GO:0006382),1/6,0.2619134861325965,0.9999960484735656,0,0,3.855578093306288,5.1654761866054635,ADAD2
GO_Biological_Process_2023,Chitin Metabolic Process (GO:0006030),1/5,0.22358802685569,0.9999960484735656,0,0,4.819726166328601,7.2197092267553264,OVGP1
GO_Biological_Process_2023,Regulation Of Voltage-Gated Sodium Channel Activity (GO:1905150),1/5,0.22358802685569,0.9999960484735656,0,0,4.819726166328601,7.2197092267553264,GRP
GO_Biological_Process_2023,Embryonic Heart Tube Development (GO:0035050),2/17,0.2036485626915466,0.9999960484735656,0,0,2.571641285956007,4.0924057978161406,MESP1;NKX2-6
GO_Biological_Process_2023,Embryo Development Ending In Birth Or Egg Hatching (GO:0009792),2/17,0.2036485626915466,0.9999960484735656,0,0,2.571641285956007,4.0924057978161406,SCEL;MFRP
GO_Biological_Process_2023,Androgen Receptor Signaling Pathway (GO:0030521),2/17,0.2036485626915466,0.9999960484735656,0,0,2.571641285956007,4.0924057978161406,RHOXF1;CST11
GO_Biological_Process_2023,DNA Biosynthetic Process (GO:0071897),2/17,0.2036485626915466,0.9999960484735656,0,0,2.571641285956007,4.0924057978161406,TERT;HROB
GO_Biological_Process_2023,Positive Regulation Of Immune Response (GO:0050778),6/80,0.2022616717017548,0.9999960484735656,0,0,1.565335978180015,2.501709027127446,IFNB1;IL23R;IFNK;IL12B;FADD;IL2
GO_Biological_Process_2023,Positive Regulation Of Mononuclear Cell Migration (GO:0071677),3/31,0.1954553553667994,0.9999960484735656,0,0,2.0671820557491287,3.374516126129267,IL4;DEFB124;IL12A
GO_Biological_Process_2023,Positive Regulation Of Leukocyte Migration (GO:0002687),3/31,0.1954553553667994,0.9999960484735656,0,0,2.0671820557491287,3.374516126129267,TNFSF18;IL4;MADCAM1
GO_Biological_Process_2023,Regulation Of Macrophage Activation (GO:0043030),3/31,0.1954553553667994,0.9999960484735656,0,0,2.0671820557491287,3.374516126129267,IL4;IL31RA;SPACA3
GO_Biological_Process_2023,B Cell Proliferation (GO:0042100),3/31,0.1954553553667994,0.9999960484735656,0,0,2.0671820557491287,3.374516126129267,IFNB1;IFNE;IFNK
GO_Biological_Process_2023,Sensory Perception Of Taste (GO:0050909),2/17,0.2036485626915466,0.9999960484735656,0,0,2.571641285956007,4.0924057978161406,TAS2R60;TAS1R2
GO_Biological_Process_2023,Replication Fork Processing (GO:0031297),4/46,0.1906001760482032,0.9999960484735656,0,0,1.8380080414668412,3.0466405245871657,KHDC3L;EME1;EME2;CENPS
GO_Biological_Process_2023,Regulation Of Blood Vessel Endothelial Cell Proliferation Involved In Sprouting Angiogenesis (GO:1903587),2/16,0.1854046396881654,0.9999960484735656,0,0,2.755474981870921,4.64356667179947,IL12B;IL12A
GO_Biological_Process_2023,Positive Regulation Of Stem Cell Proliferation (GO:2000648),2/16,0.1854046396881654,0.9999960484735656,0,0,2.755474981870921,4.64356667179947,TERT;THPO
GO_Biological_Process_2023,Negative Regulation Of Interleukin-10 Production (GO:0032693),2/16,0.1854046396881654,0.9999960484735656,0,0,2.755474981870921,4.64356667179947,IL23R;IL12B
GO_Biological_Process_2023,Stabilization Of Membrane Potential (GO:0030322),2/16,0.1854046396881654,0.9999960484735656,0,0,2.755474981870921,4.64356667179947,KCNK9;KCNK18
GO_Biological_Process_2023,Response To UV-B (GO:0010224),2/16,0.1854046396881654,0.9999960484735656,0,0,2.755474981870921,4.64356667179947,IL12B;IL12A
GO_Biological_Process_2023,Regulation Of Natural Killer Cell Activation (GO:0032814),2/16,0.1854046396881654,0.9999960484735656,0,0,2.755474981870921,4.64356667179947,IL12B;IL12A
GO_Biological_Process_2023,B Cell Activation Involved In Immune Response (GO:0002312),2/16,0.1854046396881654,0.9999960484735656,0,0,2.755474981870921,4.64356667179947,C17ORF99;IFNB1
GO_Biological_Process_2023,Positive Regulation Of Interleukin-10 Production (GO:0032733),3/30,0.182776760588331,0.9999960484735656,0,0,2.1438572719060525,3.643463476871166,IL4;IL13;IL12B
GO_Biological_Process_2023,Double-Strand Break Repair Via Homologous Recombination (GO:0000724),8/111,0.1824472241701031,0.9999960484735656,0,0,1.5002429663714707,2.552354852926047,RECQL4;SWSAP1;EID3;SLX4;KDM4D;HUS1B;AUNIP;PALB2
GO_Biological_Process_2023,Regulation Of Interleukin-10 Production (GO:0032653),4/46,0.1906001760482032,0.9999960484735656,0,0,1.8380080414668412,3.0466405245871657,IL4;IL23R;IL13;IL12B
GO_Biological_Process_2023,Facultative Heterochromatin Formation (GO:0140718),2/17,0.2036485626915466,0.9999960484735656,0,0,2.571641285956007,4.0924057978161406,TEX15;MBD3L1
GO_Biological_Process_2023,Megakaryocyte Differentiation (GO:0030219),2/17,0.2036485626915466,0.9999960484735656,0,0,2.571641285956007,4.0924057978161406,THPO;GP1BA
GO_Biological_Process_2023,Negative Regulation Of Leukocyte Activation (GO:0002695),2/17,0.2036485626915466,0.9999960484735656,0,0,2.571641285956007,4.0924057978161406,IL4;IL31RA
GO_Biological_Process_2023,Centromeric Sister Chromatid Cohesion (GO:0070601),1/5,0.22358802685569,0.9999960484735656,0,0,4.819726166328601,7.2197092267553264,MEIKIN
GO_Biological_Process_2023,Regulation Of Thymocyte Apoptotic Process (GO:0070243),1/5,0.22358802685569,0.9999960484735656,0,0,4.819726166328601,7.2197092267553264,PTCRA
GO_Biological_Process_2023,Regulation Of T-Circle Formation (GO:1904429),1/5,0.22358802685569,0.9999960484735656,0,0,4.819726166328601,7.2197092267553264,SLX4
GO_Biological_Process_2023,Cellular Response To Granulocyte Macrophage Colony-Stimulating Factor Stimulus (GO:0097011),1/5,0.22358802685569,0.9999960484735656,0,0,4.819726166328601,7.2197092267553264,CSF2
GO_Biological_Process_2023,Regulation Of Sarcomere Organization (GO:0060297),1/5,0.22358802685569,0.9999960484735656,0,0,4.819726166328601,7.2197092267553264,MYLK3
GO_Biological_Process_2023,Regulation Of Renal Sodium Excretion (GO:0035813),1/5,0.22358802685569,0.9999960484735656,0,0,4.819726166328601,7.2197092267553264,NPPB
GO_Biological_Process_2023,Regulation Of Relaxation Of Cardiac Muscle (GO:1901897),1/5,0.22358802685569,0.9999960484735656,0,0,4.819726166328601,7.2197092267553264,CHGA
GO_Biological_Process_2023,Aromatic Compound Biosynthetic Process (GO:0019438),1/5,0.22358802685569,0.9999960484735656,0,0,4.819726166328601,7.2197092267553264,PRG3
GO_Biological_Process_2023,T-helper 2 Cell Differentiation (GO:0045064),1/5,0.22358802685569,0.9999960484735656,0,0,4.819726166328601,7.2197092267553264,IL4
GO_Biological_Process_2023,Regulation Of Immunoglobulin Mediated Immune Response (GO:0002889),1/5,0.22358802685569,0.9999960484735656,0,0,4.819726166328601,7.2197092267553264,IL4
GO_Biological_Process_2023,Regulation Of Hematopoietic Stem Cell Proliferation (GO:1902033),1/5,0.22358802685569,0.9999960484735656,0,0,4.819726166328601,7.2197092267553264,THPO
GO_Biological_Process_2023,DNA Double-Strand Break Processing Involved In Repair Via Single-Strand Annealing (GO:0010792),1/5,0.22358802685569,0.9999960484735656,0,0,4.819726166328601,7.2197092267553264,SLX4
GO_Biological_Process_2023,Positive Regulation Of G Protein-Coupled Receptor Signaling Pathway (GO:0045745),2/18,0.2220772495021165,0.9999960484735656,0,0,2.410786802030457,3.6275831930557665,CHGA;GRP
GO_Biological_Process_2023,Neutrophil Activation (GO:0042119),2/18,0.2220772495021165,0.9999960484735656,0,0,2.410786802030457,3.6275831930557665,CXCL6;PRG3
GO_Biological_Process_2023,Epithelial Cell Development (GO:0002064),2/18,0.2220772495021165,0.9999960484735656,0,0,2.410786802030457,3.6275831930557665,BFSP1;DACT2
GO_Biological_Process_2023,Negative Regulation Of DNA Metabolic Process (GO:0051053),4/49,0.2217292104630707,0.9999960484735656,0,0,1.7152028936362609,2.583607398933266,H1-7;H1-6;DPPA3;H1-8
GO_Biological_Process_2023,Positive Regulation Of Interleukin-12 Production (GO:0032735),3/33,0.2214073484432379,0.9999960484735656,0,0,1.9291666666666667,2.9087031028999752,IL23R;IL12B;IL17A
GO_Biological_Process_2023,Double-Strand Break Repair (GO:0006302),11/168,0.2085348439471657,0.9999960484735656,0,0,1.353607601545369,2.1219817849518967,RECQL4;SWSAP1;ANKLE1;EID3;SLX4;EME1;KDM4D;EME2;HUS1B;AUNIP;PALB2
GO_Biological_Process_2023,Chromosome Condensation (GO:0030261),3/32,0.2083404948633833,0.9999960484735656,0,0,1.9957947855340623,3.130566864524547,H1-7;H1-6;H1-8
GO_Biological_Process_2023,Cellular Response To Virus (GO:0098586),5/64,0.2079210007297422,0.9999960484735656,0,0,1.6357140391452931,2.5690476864135734,IL21;IFNB1;IFNE;IFNK;IL12A
GO_Biological_Process_2023,Positive Regulation Of Macrophage Derived Foam Cell Differentiation (GO:0010744),2/17,0.2036485626915466,0.9999960484735656,0,0,2.571641285956007,4.0924057978161406,CSF2;PLA2G3
GO_Biological_Process_2023,Chitin Catabolic Process (GO:0006032),1/5,0.22358802685569,0.9999960484735656,0,0,4.819726166328601,7.2197092267553264,OVGP1
GO_Biological_Process_2023,Negative Regulation Of Alpha-Beta T Cell Activation (GO:0046636),1/10,0.3972236697716603,0.9999960484735656,0,0,2.141537074599955,1.9771864329886495,TARM1
GO_Biological_Process_2023,Negative Regulation Of Inclusion Body Assembly (GO:0090084),1/10,0.3972236697716603,0.9999960484735656,0,0,2.141537074599955,1.9771864329886495,IFNB1
GO_Biological_Process_2023,Negative Regulation Of Lipopolysaccharide-Mediated Signaling Pathway (GO:0031665),1/10,0.3972236697716603,0.9999960484735656,0,0,2.141537074599955,1.9771864329886495,DEFB118
GO_Biological_Process_2023,Positive Regulation Of DNA Replication (GO:0045740),1/18,0.5980241178602882,0.9999960484735656,0,0,1.1332776518315235,0.5826454604307297,NPM2
GO_Biological_Process_2023,Negative Regulation Of Peptide Hormone Secretion (GO:0090278),1/18,0.5980241178602882,0.9999960484735656,0,0,1.1332776518315235,0.5826454604307297,CHGA
GO_Biological_Process_2023,Negative Regulation Of T Cell Receptor Signaling Pathway (GO:0050860),1/18,0.5980241178602882,0.9999960484735656,0,0,1.1332776518315235,0.5826454604307297,PVRIG
GO_Biological_Process_2023,Myoblast Fusion (GO:0007520),1/18,0.5980241178602882,0.9999960484735656,0,0,1.1332776518315235,0.5826454604307297,MYMX
GO_Biological_Process_2023,Icosanoid Biosynthetic Process (GO:0046456),1/18,0.5980241178602882,0.9999960484735656,0,0,1.1332776518315235,0.5826454604307297,PRG3
GO_Biological_Process_2023,Ureteric Bud Development (GO:0001657),1/18,0.5980241178602882,0.9999960484735656,0,0,1.1332776518315235,0.5826454604307297,CER1
GO_Biological_Process_2023,Excitatory Postsynaptic Potential (GO:0060079),1/18,0.5980241178602882,0.9999960484735656,0,0,1.1332776518315235,0.5826454604307297,NPFF
GO_Biological_Process_2023,Endothelial Cell Proliferation (GO:0001935),1/18,0.5980241178602882,0.9999960484735656,0,0,1.1332776518315235,0.5826454604307297,ANGPT4
GO_Biological_Process_2023,Detection Of Mechanical Stimulus (GO:0050982),1/18,0.5980241178602882,0.9999960484735656,0,0,1.1332776518315235,0.5826454604307297,PKDREJ
GO_Biological_Process_2023,Positive Regulation Of Cyclin-Dependent Protein Kinase Activity (GO:1904031),1/18,0.5980241178602882,0.9999960484735656,0,0,1.1332776518315235,0.5826454604307297,STOX1
GO_Biological_Process_2023,Cardiac Atrium Morphogenesis (GO:0003209),1/18,0.5980241178602882,0.9999960484735656,0,0,1.1332776518315235,0.5826454604307297,MESP1
GO_Biological_Process_2023,Regulation Of Epidermal Cell Differentiation (GO:0045604),1/18,0.5980241178602882,0.9999960484735656,0,0,1.1332776518315235,0.5826454604307297,GDF3
GO_Biological_Process_2023,Regulation Of Embryonic Development (GO:0045995),3/62,0.5962981539876296,0.9999960484735656,0,0,0.979433650268706,0.5063813780520171,KHDC3L;NLRP5;TLE6
GO_Biological_Process_2023,Protein Localization To Chromosome (GO:0034502),2/40,0.5939288552251873,0.9999960484735656,0,0,1.0138925995191024,0.5282337242959858,FAM47E;HASPIN
GO_Biological_Process_2023,Positive Regulation Of Cell Cycle G1/S Phase Transition (GO:1902808),2/40,0.5939288552251873,0.9999960484735656,0,0,1.0138925995191024,0.5282337242959858,CRNN;STOX1
GO_Biological_Process_2023,Nucleic Acid-Templated Transcription (GO:0097659),2/40,0.5939288552251873,0.9999960484735656,0,0,1.0138925995191024,0.5282337242959858,TERT;TCEANC
GO_Biological_Process_2023,mRNA 3'-End Processing (GO:0031124),2/40,0.5939288552251873,0.9999960484735656,0,0,1.0138925995191024,0.5282337242959858,ZNF473;CPSF4L
GO_Biological_Process_2023,Regulation Of Cytosolic Calcium Ion Concentration (GO:0051480),2/40,0.5939288552251873,0.9999960484735656,0,0,1.0138925995191024,0.5282337242959858,CALCA;WBP2NL
GO_Biological_Process_2023,Regulation Of NIK/NF-kappaB Signaling (GO:1901222),4/83,0.5907870372403141,0.9999960484735656,0,0,0.9752630155684612,0.5132806028611259,TRIM60;TRIM40;NLRP2;IL12B
GO_Biological_Process_2023,Positive Regulation Of Inflammatory Response (GO:0050729),5/104,0.5878191341588475,0.9999960484735656,0,0,0.9727622456746692,0.5168635746616705,IL21;NLRP10;IL12B;PLA2G3;IL2
GO_Biological_Process_2023,Regulation Of Epithelial Cell Differentiation (GO:0030856),1/18,0.5980241178602882,0.9999960484735656,0,0,1.1332776518315235,0.5826454604307297,DSPP
GO_Biological_Process_2023,Positive Regulation Of Interleukin-8 Production (GO:0032757),3/61,0.5851759437341955,0.9999960484735656,0,0,0.9963730025231288,0.533899218261251,NLRP10;FADD;PRG3
GO_Biological_Process_2023,Positive Regulation Of Cytokine Production Involved In Inflammatory Response (GO:1900017),1/18,0.5980241178602882,0.9999960484735656,0,0,1.1332776518315235,0.5826454604307297,IL17A
GO_Biological_Process_2023,Positive Regulation Of Neuroblast Proliferation (GO:0002052),1/18,0.5980241178602882,0.9999960484735656,0,0,1.1332776518315235,0.5826454604307297,NCAN
GO_Biological_Process_2023,Establishment Of Epithelial Cell Polarity (GO:0090162),1/19,0.6178794360557093,0.9999960484735656,0,0,1.0702614379084967,0.5152901351935255,FBF1
GO_Biological_Process_2023,Cyclic Nucleotide Biosynthetic Process (GO:0009190),1/19,0.6178794360557093,0.9999960484735656,0,0,1.0702614379084967,0.5152901351935255,NPPB
GO_Biological_Process_2023,Regulation Of Nuclear Division (GO:0051783),1/19,0.6178794360557093,0.9999960484735656,0,0,1.0702614379084967,0.5152901351935255,FBXO43
GO_Biological_Process_2023,Regulation Of Neuroinflammatory Response (GO:0150077),1/19,0.6178794360557093,0.9999960484735656,0,0,1.0702614379084967,0.5152901351935255,IL4
GO_Biological_Process_2023,Regulation Of Megakaryocyte Differentiation (GO:0045652),1/19,0.6178794360557093,0.9999960484735656,0,0,1.0702614379084967,0.5152901351935255,THPO
GO_Biological_Process_2023,Regulation Of Insulin-Like Growth Factor Receptor Signaling Pathway (GO:0043567),1/19,0.6178794360557093,0.9999960484735656,0,0,1.0702614379084967,0.5152901351935255,GHRH
GO_Biological_Process_2023,RNA-templated DNA Biosynthetic Process (GO:0006278),1/19,0.6178794360557093,0.9999960484735656,0,0,1.0702614379084967,0.5152901351935255,TERT
GO_Biological_Process_2023,NADP Metabolic Process (GO:0006739),1/19,0.6178794360557093,0.9999960484735656,0,0,1.0702614379084967,0.5152901351935255,NUDT17
GO_Biological_Process_2023,Regulation Of Fibroblast Growth Factor Receptor Signaling Pathway (GO:0040036),1/19,0.6178794360557093,0.9999960484735656,0,0,1.0702614379084967,0.5152901351935255,FGFBP3
GO_Biological_Process_2023,Positive Regulation Of Monocyte Chemotaxis (GO:0090026),1/18,0.5980241178602882,0.9999960484735656,0,0,1.1332776518315235,0.5826454604307297,DEFB124
GO_Biological_Process_2023,DNA Catabolic Process (GO:0006308),1/19,0.6178794360557093,0.9999960484735656,0,0,1.0702614379084967,0.5152901351935255,DNASE2B
GO_Biological_Process_2023,Positive Regulation Of T Cell Activation (GO:0050870),5/107,0.6131791783263327,0.9999960484735656,0,0,0.9440018369873407,0.4617094938445267,IL4;IL21;IL36B;IL23R;IL12B
GO_Biological_Process_2023,Heart Development (GO:0007507),8/171,0.6120254007325783,0.9999960484735656,0,0,0.944998339359682,0.4639766954148023,MESP2;MESP1;NKX2-6;ALPK2;CER1;DAND5;PRICKLE4;MIXL1
GO_Biological_Process_2023,Negative Regulation Of Cell Cycle (GO:0045786),4/85,0.6097039803673037,0.9999960484735656,0,0,0.9510819738015398,0.4705779726583691,BTG4;ZNRF4;INCA1;FBXO43
GO_Biological_Process_2023,Cellular Response To Retinoic Acid (GO:0071300),2/41,0.6074769939323434,0.9999960484735656,0,0,0.9878432903813614,0.4923815723650461,STRA8;MEIOSIN
GO_Biological_Process_2023,Regulation Of Dendrite Development (GO:0050773),2/41,0.6074769939323434,0.9999960484735656,0,0,0.9878432903813614,0.4923815723650461,KHDC3L;MGARP
GO_Biological_Process_2023,Defense Response To Symbiont (GO:0140546),7/148,0.5998813380420334,0.9999960484735656,0,0,0.9560283687943264,0.4885528801898736,IL21;GARIN5A;IFNB1;IFNE;CD207;FADD;USP29
GO_Biological_Process_2023,Regulation Of Adaptive Immune Response (GO:0002819),1/18,0.5980241178602882,0.9999960484735656,0,0,1.1332776518315235,0.5826454604307297,FADD
GO_Biological_Process_2023,"Protein Localization To Chromosome, Centromeric Region (GO:0071459)",1/18,0.5980241178602882,0.9999960484735656,0,0,1.1332776518315235,0.5826454604307297,HASPIN
GO_Biological_Process_2023,Protein Import Into Mitochondrial Matrix (GO:0030150),1/18,0.5980241178602882,0.9999960484735656,0,0,1.1332776518315235,0.5826454604307297,TOMM20L
GO_Biological_Process_2023,Arp2/3 Complex-Mediated Actin Nucleation (GO:0034314),1/19,0.6178794360557093,0.9999960484735656,0,0,1.0702614379084967,0.5152901351935255,MAGEL2
GO_Biological_Process_2023,Regulation Of Pathway-Restricted SMAD Protein Phosphorylation (GO:0060393),3/61,0.5851759437341955,0.9999960484735656,0,0,0.9963730025231288,0.533899218261251,GDF1;GDF3;BMP15
GO_Biological_Process_2023,BMP Signaling Pathway (GO:0030509),3/61,0.5851759437341955,0.9999960484735656,0,0,0.9963730025231288,0.533899218261251,GDF1;GDF3;BMP15
GO_Biological_Process_2023,Positive Regulation Of Tumor Necrosis Factor Superfamily Cytokine Production (GO:1903557),4/82,0.5811288058025306,0.9999960484735656,0,0,0.9878185564859012,0.5361709713398868,IL12B;IL17F;FADD;IL17A
GO_Biological_Process_2023,Carbohydrate Derivative Catabolic Process (GO:1901136),1/17,0.5771381950281411,0.9999960484735656,0,0,1.204170892494929,0.6619008712656471,NEU2
GO_Biological_Process_2023,cGMP-mediated Signaling (GO:0019934),1/17,0.5771381950281411,0.9999960484735656,0,0,1.204170892494929,0.6619008712656471,NPPB
GO_Biological_Process_2023,Base Conversion Or Substitution Editing (GO:0016553),1/17,0.5771381950281411,0.9999960484735656,0,0,1.204170892494929,0.6619008712656471,ADAD2
GO_Biological_Process_2023,Regulation Of Hematopoietic Progenitor Cell Differentiation (GO:1901532),1/17,0.5771381950281411,0.9999960484735656,0,0,1.204170892494929,0.6619008712656471,MIXL1
GO_Biological_Process_2023,Regulation Of Glucose Transmembrane Transport (GO:0010827),1/17,0.5771381950281411,0.9999960484735656,0,0,1.204170892494929,0.6619008712656471,RSC1A1
GO_Biological_Process_2023,G Protein-Coupled Acetylcholine Receptor Signaling Pathway (GO:0007213),1/17,0.5771381950281411,0.9999960484735656,0,0,1.204170892494929,0.6619008712656471,HRH4
GO_Biological_Process_2023,Regulation Of Cellular Respiration (GO:0043457),1/17,0.5771381950281411,0.9999960484735656,0,0,1.204170892494929,0.6619008712656471,IL4
GO_Biological_Process_2023,Cilium Organization (GO:0044782),11/228,0.574327792518481,0.9999960484735656,0,0,0.9762219536148674,0.5413687445508082,CATIP;UBXN10;TSGA10IP;WDR90;TCTN2;NME8;FBF1;IQUB;PLA2G3;CFAP126;TTLL8
GO_Biological_Process_2023,Activation Of Protein Kinase Activity (GO:0032147),4/81,0.5713408662934637,0.9999960484735656,0,0,1.000700215349249,0.5601612427462197,IL4;CALCA;BORA;TNFSF15
GO_Biological_Process_2023,Regulation Of Protein Sumoylation (GO:0033233),1/17,0.5771381950281411,0.9999960484735656,0,0,1.204170892494929,0.6619008712656471,FSCB
GO_Biological_Process_2023,Regulation Of Interleukin-8 Production (GO:0032677),4/81,0.5713408662934637,0.9999960484735656,0,0,1.000700215349249,0.5601612427462197,NLRP10;IL17F;FADD;PRG3
GO_Biological_Process_2023,Positive Regulation Of Cation Channel Activity (GO:2001259),2/38,0.5657920840222476,0.9999960484735656,0,0,1.0703327693175408,0.60958513539868,AKAP5;TRDN
GO_Biological_Process_2023,Negative Regulation Of Epithelial Cell Apoptotic Process (GO:1904036),2/38,0.5657920840222476,0.9999960484735656,0,0,1.0703327693175408,0.60958513539868,IL4;IL13
GO_Biological_Process_2023,Regulation Of Telomere Maintenance (GO:0032204),2/38,0.5657920840222476,0.9999960484735656,0,0,1.0703327693175408,0.60958513539868,SLX4;EID3
GO_Biological_Process_2023,Protein Targeting To Mitochondrion (GO:0006626),3/59,0.5623533172504097,0.9999960484735656,0,0,1.032066637630662,0.5940833048688589,TOMM20L;MGARP;PRICKLE4
GO_Biological_Process_2023,Heart Morphogenesis (GO:0003007),3/59,0.5623533172504097,0.9999960484735656,0,0,1.032066637630662,0.5940833048688589,MESP2;MESP1;ALPK2
GO_Biological_Process_2023,Hemopoiesis (GO:0030097),5/101,0.561577746739173,0.9999960484735656,0,0,1.0033201799049558,0.578920812385872,IL3;CSF2;THPO;TMEM190;MIXL1
GO_Biological_Process_2023,Cellular Response To Cytokine Stimulus (GO:0071345),15/308,0.5586717774776482,0.9999960484735656,0,0,0.9859689040576411,0.5740243306382233,CSF2;IFNB1;IL23R;IL31RA;MYLK3;CRNN;IL36A;IL36B;RUFY4;OCSTAMP;IFNE;IFNK;IL12B;IL13RA2;IL9R
GO_Biological_Process_2023,Protein Kinase A Signaling (GO:0010737),1/16,0.5551682305508616,0.9999960484735656,0,0,1.2845165652467885,0.7559175659160194,TCP11
GO_Biological_Process_2023,Pharyngeal System Development (GO:0060037),1/16,0.5551682305508616,0.9999960484735656,0,0,1.2845165652467885,0.7559175659160194,NKX2-6
GO_Biological_Process_2023,Positive Regulation Of Production Of Molecular Mediator Of Immune Response (GO:0002702),2/38,0.5657920840222476,0.9999960484735656,0,0,1.0703327693175408,0.60958513539868,IL21;IL2
GO_Biological_Process_2023,Cellular Response To dsRNA (GO:0071359),1/17,0.5771381950281411,0.9999960484735656,0,0,1.204170892494929,0.6619008712656471,IFNB1
GO_Biological_Process_2023,Regulation Of Telomere Maintenance Via Telomere Lengthening (GO:1904356),1/17,0.5771381950281411,0.9999960484735656,0,0,1.204170892494929,0.6619008712656471,SLX4
GO_Biological_Process_2023,Response To Acidic pH (GO:0010447),1/17,0.5771381950281411,0.9999960484735656,0,0,1.204170892494929,0.6619008712656471,GPR31
GO_Biological_Process_2023,Positive Regulation Of Lymphocyte Differentiation (GO:0045621),2/39,0.5800337122865415,0.9999960484735656,0,0,1.0413499794210457,0.5671911066109836,IL4;IL36B
GO_Biological_Process_2023,Positive Regulation Of Cytokinesis (GO:0032467),2/39,0.5800337122865415,0.9999960484735656,0,0,1.0413499794210457,0.5671911066109836,MAP10;TAS1R2
GO_Biological_Process_2023,Odontogenesis (GO:0042476),2/39,0.5800337122865415,0.9999960484735656,0,0,1.0413499794210457,0.5671911066109836,ODAM;AMTN
GO_Biological_Process_2023,Regulation Of Adenylate Cyclase Activity (GO:0045761),1/17,0.5771381950281411,0.9999960484735656,0,0,1.204170892494929,0.6619008712656471,AKAP5
GO_Biological_Process_2023,Regulation Of DNA-templated DNA Replication (GO:0090329),1/17,0.5771381950281411,0.9999960484735656,0,0,1.204170892494929,0.6619008712656471,TICRR
GO_Biological_Process_2023,Positive Regulation Of Nitric-Oxide Synthase Activity (GO:0051000),1/17,0.5771381950281411,0.9999960484735656,0,0,1.204170892494929,0.6619008712656471,TERT
GO_Biological_Process_2023,Positive Regulation Of Macrophage Activation (GO:0043032),1/17,0.5771381950281411,0.9999960484735656,0,0,1.204170892494929,0.6619008712656471,SPACA3
GO_Biological_Process_2023,Positive Regulation Of Heart Rate (GO:0010460),1/17,0.5771381950281411,0.9999960484735656,0,0,1.204170892494929,0.6619008712656471,ADM2
GO_Biological_Process_2023,Positive Regulation Of Cell Cycle Phase Transition (GO:1901989),1/17,0.5771381950281411,0.9999960484735656,0,0,1.204170892494929,0.6619008712656471,CRNN
GO_Biological_Process_2023,Positive Regulation Of Alpha-Beta T Cell Proliferation (GO:0046641),1/17,0.5771381950281411,0.9999960484735656,0,0,1.204170892494929,0.6619008712656471,IL12B
GO_Biological_Process_2023,Negative Regulation Of Insulin Secretion (GO:0046676),1/17,0.5771381950281411,0.9999960484735656,0,0,1.204170892494929,0.6619008712656471,CHGA
GO_Biological_Process_2023,Negative Regulation Of Cellular Senescence (GO:2000773),1/17,0.5771381950281411,0.9999960484735656,0,0,1.204170892494929,0.6619008712656471,TERT
GO_Biological_Process_2023,Negative Regulation Of Calcium Ion Transport (GO:0051926),1/17,0.5771381950281411,0.9999960484735656,0,0,1.204170892494929,0.6619008712656471,EPPIN
GO_Biological_Process_2023,Motile Cilium Assembly (GO:0044458),1/17,0.5771381950281411,0.9999960484735656,0,0,1.204170892494929,0.6619008712656471,DNAAF3
GO_Biological_Process_2023,Microtubule Depolymerization (GO:0007019),1/17,0.5771381950281411,0.9999960484735656,0,0,1.204170892494929,0.6619008712656471,STMND1
GO_Biological_Process_2023,Mesenchyme Development (GO:0060485),1/17,0.5771381950281411,0.9999960484735656,0,0,1.204170892494929,0.6619008712656471,MESP1
GO_Biological_Process_2023,Long-Chain fatty-acyl-CoA Biosynthetic Process (GO:0035338),1/17,0.5771381950281411,0.9999960484735656,0,0,1.204170892494929,0.6619008712656471,ELOVL3
GO_Biological_Process_2023,Leukocyte Tethering Or Rolling (GO:0050901),1/17,0.5771381950281411,0.9999960484735656,0,0,1.204170892494929,0.6619008712656471,MADCAM1
GO_Biological_Process_2023,Transcription By RNA Polymerase I (GO:0006360),1/17,0.5771381950281411,0.9999960484735656,0,0,1.204170892494929,0.6619008712656471,UBTFL1
GO_Biological_Process_2023,Filopodium Assembly (GO:0046847),1/17,0.5771381950281411,0.9999960484735656,0,0,1.204170892494929,0.6619008712656471,MRAP
GO_Biological_Process_2023,Detection Of Visible Light (GO:0009584),1/17,0.5771381950281411,0.9999960484735656,0,0,1.204170892494929,0.6619008712656471,RP1
GO_Biological_Process_2023,Superoxide Anion Generation (GO:0042554),1/19,0.6178794360557093,0.9999960484735656,0,0,1.0702614379084967,0.5152901351935255,PRG3
GO_Biological_Process_2023,Telomere Maintenance Via Telomerase (GO:0007004),1/19,0.6178794360557093,0.9999960484735656,0,0,1.0702614379084967,0.5152901351935255,TERT
GO_Biological_Process_2023,Ganglioside Metabolic Process (GO:0001573),1/19,0.6178794360557093,0.9999960484735656,0,0,1.0702614379084967,0.5152901351935255,NEU2
GO_Biological_Process_2023,Leukocyte Adhesion To Vascular Endothelial Cell (GO:0061756),1/19,0.6178794360557093,0.9999960484735656,0,0,1.0702614379084967,0.5152901351935255,MADCAM1
GO_Biological_Process_2023,Outer Dynein Arm Assembly (GO:0036158),1/21,0.6546989785427851,0.9999960484735656,0,0,0.9631338742393508,0.4079639803629624,DNAAF8
GO_Biological_Process_2023,Negative Regulation Of Tumor Necrosis Factor-Mediated Signaling Pathway (GO:0010804),1/21,0.6546989785427851,0.9999960484735656,0,0,0.9631338742393508,0.4079639803629624,BIRC7
GO_Biological_Process_2023,Negative Regulation Of Osteoclast Differentiation (GO:0045671),1/21,0.6546989785427851,0.9999960484735656,0,0,0.9631338742393508,0.4079639803629624,IL4
GO_Biological_Process_2023,Negative Regulation Of Double-Strand Break Repair Via Homologous Recombination (GO:2000042),1/21,0.6546989785427851,0.9999960484735656,0,0,0.9631338742393508,0.4079639803629624,INSL6
GO_Biological_Process_2023,Mitochondrial Calcium Ion Homeostasis (GO:0051560),1/21,0.6546989785427851,0.9999960484735656,0,0,0.9631338742393508,0.4079639803629624,FATE1
GO_Biological_Process_2023,Lipid Catabolic Process (GO:0016042),1/21,0.6546989785427851,0.9999960484735656,0,0,0.9631338742393508,0.4079639803629624,LIPI
GO_Biological_Process_2023,Innate Immune Response In Mucosa (GO:0002227),1/21,0.6546989785427851,0.9999960484735656,0,0,0.9631338742393508,0.4079639803629624,IL4
GO_Biological_Process_2023,Sulfur Compound Transport (GO:0072348),1/21,0.6546989785427851,0.9999960484735656,0,0,0.9631338742393508,0.4079639803629624,SLC19A3
GO_Biological_Process_2023,Retrotransposon Silencing (GO:0010526),1/21,0.6546989785427851,0.9999960484735656,0,0,0.9631338742393508,0.4079639803629624,TEX15
GO_Biological_Process_2023,Peptide Catabolic Process (GO:0043171),1/21,0.6546989785427851,0.9999960484735656,0,0,0.9631338742393508,0.4079639803629624,ADAMTS13
GO_Biological_Process_2023,Regulation Of Lipopolysaccharide-Mediated Signaling Pathway (GO:0031664),1/21,0.6546989785427851,0.9999960484735656,0,0,0.9631338742393508,0.4079639803629624,DEFB118
GO_Biological_Process_2023,Positive Regulation Of Response To External Stimulus (GO:0032103),7/155,0.648332043885788,0.9999960484735656,0,0,0.910472972972973,0.3945555573488511,IL21;NLRP10;IFNB1;IFNK;IL12B;FADD;IL2
GO_Biological_Process_2023,Positive Regulation Of Cytokine-Mediated Signaling Pathway (GO:0001961),2/44,0.6460470935726425,0.9999960484735656,0,0,0.917138022721779,0.400681898513327,FADD;USP29
GO_Biological_Process_2023,Establishment Of Protein Localization To Mitochondrion (GO:0072655),2/44,0.6460470935726425,0.9999960484735656,0,0,0.917138022721779,0.400681898513327,TOMM20L;MGARP
GO_Biological_Process_2023,Positive Regulation Of Peptidyl-Serine Phosphorylation (GO:0033138),4/89,0.6458811882822831,0.9999960484735656,0,0,0.9061336843994974,0.3961070170910349,IFNB1;IFNE;IFNK;STOX1
GO_Biological_Process_2023,T Cell Activation (GO:0042110),5/111,0.6455313479529364,0.9999960484735656,0,0,0.908186988433309,0.397496648866678,IL4;IFNB1;IFNE;IFNK;IL2
GO_Biological_Process_2023,Regulation Of Inflammatory Response (GO:0050727),11/240,0.6424349391683035,0.9999960484735656,0,0,0.9244756245973228,0.4090709689048397,IL21;NLRP14;IL4;NLRP10;IL13;NLRP5;NLRP2;IL12B;GPR31;TRIM65;IL2
GO_Biological_Process_2023,Cellular Response To BMP Stimulus (GO:0071773),3/66,0.6388020599978173,0.9999960484735656,0,0,0.9170538133952768,0.4109874219571227,GDF1;GDF3;BMP15
GO_Biological_Process_2023,Positive Regulation Of Cell Adhesion (GO:0045785),4/88,0.6370482994655818,0.9999960484735656,0,0,0.9169694327374897,0.4134705062245922,TNFSF18;RNASE10;IL12B;IL12A
GO_Biological_Process_2023,Protein Transport (GO:0015031),1/313,0.999996042501042,0.9999960484735656,0,0,0.0607901648723149,2.405774901740661e-07,PPY
GO_Biological_Process_2023,Extrinsic Apoptotic Signaling Pathway (GO:0097191),3/67,0.6489237340784939,0.9999960484735656,0,0,0.9026772103658536,0.3903538070139955,IL4;IL12A;FADD
GO_Biological_Process_2023,poly(A)+ mRNA Export From Nucleus (GO:0016973),1/21,0.6546989785427851,0.9999960484735656,0,0,0.9631338742393508,0.4079639803629624,NXF3
GO_Biological_Process_2023,Positive Regulation Of G2/M Transition Of Mitotic Cell Cycle (GO:0010971),1/21,0.6546989785427851,0.9999960484735656,0,0,0.9631338742393508,0.4079639803629624,STOX1
GO_Biological_Process_2023,Positive Regulation Of T Cell Cytokine Production (GO:0002726),1/21,0.6546989785427851,0.9999960484735656,0,0,0.9631338742393508,0.4079639803629624,IL4
GO_Biological_Process_2023,Membrane Protein Ectodomain Proteolysis (GO:0006509),1/22,0.6717574306416769,0.9999960484735656,0,0,0.9172220612382884,0.3649241072593078,SPPL2C
GO_Biological_Process_2023,Mammary Gland Development (GO:0030879),1/22,0.6717574306416769,0.9999960484735656,0,0,0.9172220612382884,0.3649241072593078,CSN2
GO_Biological_Process_2023,Cytoskeleton-Dependent Intracellular Transport (GO:0030705),1/22,0.6717574306416769,0.9999960484735656,0,0,0.9172220612382884,0.3649241072593078,MAP6
GO_Biological_Process_2023,Cellular Response To Interferon-Beta (GO:0035458),1/22,0.6717574306416769,0.9999960484735656,0,0,0.9172220612382884,0.3649241072593078,IFNB1
GO_Biological_Process_2023,Regulation Of Release Of Sequestered Calcium Ion Into Cytosol By Sarcoplasmic Reticulum (GO:0010880),1/22,0.6717574306416769,0.9999960484735656,0,0,0.9172220612382884,0.3649241072593078,TRDN
GO_Biological_Process_2023,Regulation Of Mononuclear Cell Migration (GO:0071675),1/22,0.6717574306416769,0.9999960484735656,0,0,0.9172220612382884,0.3649241072593078,IL4
GO_Biological_Process_2023,Regulation Of Mitochondrial Translation (GO:0070129),1/22,0.6717574306416769,0.9999960484735656,0,0,0.9172220612382884,0.3649241072593078,FASTKD3
GO_Biological_Process_2023,Acetylcholine Receptor Signaling Pathway (GO:0095500),1/22,0.6717574306416769,0.9999960484735656,0,0,0.9172220612382884,0.3649241072593078,LY6G6D
GO_Biological_Process_2023,Regulation Of Intracellular Steroid Hormone Receptor Signaling Pathway (GO:0033143),1/22,0.6717574306416769,0.9999960484735656,0,0,0.9172220612382884,0.3649241072593078,NR0B1
GO_Biological_Process_2023,B Cell Activation (GO:0042113),4/92,0.6715170080002256,0.9999960484735656,0,0,0.8751040414316101,0.3484803740546653,IL4;IFNB1;IFNE;IFNK
GO_Biological_Process_2023,Myofibril Assembly (GO:0030239),2/46,0.6700523668562031,0.9999960484735656,0,0,0.8753576372865713,0.350492681652576,ADPRHL1;MYLK3
GO_Biological_Process_2023,Mitotic G2/M Transition Checkpoint (GO:0044818),2/46,0.6700523668562031,0.9999960484735656,0,0,0.8753576372865713,0.350492681652576,HUS1B;TICRR
GO_Biological_Process_2023,Vacuolar Transport (GO:0007034),2/46,0.6700523668562031,0.9999960484735656,0,0,0.8753576372865713,0.350492681652576,SPTBN5;BECN2
GO_Biological_Process_2023,T Cell Differentiation (GO:0030217),2/46,0.6700523668562031,0.9999960484735656,0,0,0.8753576372865713,0.350492681652576,FADD;IL2
GO_Biological_Process_2023,Phospholipid Metabolic Process (GO:0006644),3/69,0.668555960801674,0.9999960484735656,0,0,0.8752309682187731,0.3523987740073084,PLA2G2C;PLA2G3;OC90
GO_Biological_Process_2023,Response To Molecule Of Bacterial Origin (GO:0002237),3/69,0.668555960801674,0.9999960484735656,0,0,0.8752309682187731,0.3523987740073084,IL23R;GPR31;IL12A
GO_Biological_Process_2023,Proteolysis (GO:0006508),15/330,0.6654470355512909,0.9999960484735656,0,0,0.9160297864001568,0.3730954788090145,SPPL2C;HTRA4;PRSS48;KLK4;ADAM21;ADAM32;PRSS38;ADAM30;PRSS54;ADAM2;ADAM29;ADAMTS13;PRSS50;UBD;ADAM7
GO_Biological_Process_2023,Intermediate Filament Organization (GO:0045109),3/68,0.6588418094956857,0.9999960484735656,0,0,0.8887429643527205,0.370847393878066,BFSP1;KRT78;KRT9
GO_Biological_Process_2023,Triglyceride Metabolic Process (GO:0006641),2/45,0.6582186450352314,0.9999960484735656,0,0,0.895762011568882,0.3746239004725392,PNPLA5;PNPLA1
GO_Biological_Process_2023,Positive Regulation Of Smoothened Signaling Pathway (GO:0045880),1/21,0.6546989785427851,0.9999960484735656,0,0,0.9631338742393508,0.4079639803629624,TEDC2
GO_Biological_Process_2023,Positive Regulation Of Granulocyte Chemotaxis (GO:0071624),1/21,0.6546989785427851,0.9999960484735656,0,0,0.9631338742393508,0.4079639803629624,IL4
GO_Biological_Process_2023,Regulation Of Calcium Ion Import (GO:0090279),1/20,0.636754955124724,0.9999960484735656,0,0,1.013878509661578,0.4576347314779351,EPPIN
GO_Biological_Process_2023,Oligodendrocyte Development (GO:0014003),1/16,0.5551682305508616,0.9999960484735656,0,0,1.2845165652467885,0.7559175659160194,ZNF488
GO_Biological_Process_2023,Positive Regulation Of Protein Processing (GO:0010954),1/20,0.636754955124724,0.9999960484735656,0,0,1.013878509661578,0.4576347314779351,TNP2
GO_Biological_Process_2023,Phosphatidylserine Metabolic Process (GO:0006658),1/20,0.636754955124724,0.9999960484735656,0,0,1.013878509661578,0.4576347314779351,PLA2G3
GO_Biological_Process_2023,Keratinocyte Differentiation (GO:0030216),2/42,0.6206785036691935,0.9999960484735656,0,0,0.9630964467005076,0.4593411826215913,SCEL;CDSN
GO_Biological_Process_2023,Ceramide Biosynthetic Process (GO:0046513),2/42,0.6206785036691935,0.9999960484735656,0,0,0.9630964467005076,0.4593411826215913,GDF1;PNPLA1
GO_Biological_Process_2023,Regulation Of Neurotransmitter Receptor Activity (GO:0099601),2/42,0.6206785036691935,0.9999960484735656,0,0,0.9630964467005076,0.4593411826215913,LYNX1;PATE4
GO_Biological_Process_2023,DNA Integrity Checkpoint Signaling (GO:0031570),2/42,0.6206785036691935,0.9999960484735656,0,0,0.9630964467005076,0.4593411826215913,HUS1B;RAD9B
GO_Biological_Process_2023,Positive Regulation Of Macroautophagy (GO:0016239),3/64,0.6179509269455932,0.9999960484735656,0,0,0.9472211115553778,0.4559413118895331,IL4;RUFY4;GDF1
GO_Biological_Process_2023,Positive Regulation Of Interleukin-1 Production (GO:0032732),3/64,0.6179509269455932,0.9999960484735656,0,0,0.9472211115553778,0.4559413118895331,NLRP10;NLRP2;IL17A
GO_Biological_Process_2023,Regulation Of Behavior (GO:0050795),1/19,0.6178794360557093,0.9999960484735656,0,0,1.0702614379084967,0.5152901351935255,QRFP
GO_Biological_Process_2023,Regulation Of Acute Inflammatory Response (GO:0002673),1/19,0.6178794360557093,0.9999960484735656,0,0,1.0702614379084967,0.5152901351935255,IL4
GO_Biological_Process_2023,Receptor Clustering (GO:0043113),1/19,0.6178794360557093,0.9999960484735656,0,0,1.0702614379084967,0.5152901351935255,MADCAM1
GO_Biological_Process_2023,Antimicrobial Humoral Immune Response Mediated By Antimicrobial Peptide (GO:0061844),3/65,0.6284774503137406,0.9999960484735656,0,0,0.931894177812746,0.4328230316639129,CXCL6;DEFB118;GALP
GO_Biological_Process_2023,Protein Insertion Into Membrane (GO:0051205),1/19,0.6178794360557093,0.9999960484735656,0,0,1.0702614379084967,0.5152901351935255,RTP3
GO_Biological_Process_2023,Positive Regulation Of calcineurin-NFAT Signaling Cascade (GO:0070886),1/19,0.6178794360557093,0.9999960484735656,0,0,1.0702614379084967,0.5152901351935255,C10ORF71
GO_Biological_Process_2023,piRNA Processing (GO:0034587),1/19,0.6178794360557093,0.9999960484735656,0,0,1.0702614379084967,0.5152901351935255,TEX15
GO_Biological_Process_2023,Phosphatidylcholine Biosynthetic Process (GO:0006656),1/19,0.6178794360557093,0.9999960484735656,0,0,1.0702614379084967,0.5152901351935255,SLC44A5
GO_Biological_Process_2023,Oligodendrocyte Differentiation (GO:0048709),1/19,0.6178794360557093,0.9999960484735656,0,0,1.0702614379084967,0.5152901351935255,ZNF488
GO_Biological_Process_2023,Negative Regulation Of Cyclin-Dependent Protein Serine/Threonine Kinase Activity (GO:0045736),1/19,0.6178794360557093,0.9999960484735656,0,0,1.0702614379084967,0.5152901351935255,INCA1
GO_Biological_Process_2023,Mitotic Sister Chromatid Cohesion (GO:0007064),1/19,0.6178794360557093,0.9999960484735656,0,0,1.0702614379084967,0.5152901351935255,HASPIN
GO_Biological_Process_2023,Mesoderm Development (GO:0007498),1/19,0.6178794360557093,0.9999960484735656,0,0,1.0702614379084967,0.5152901351935255,MESP1
GO_Biological_Process_2023,Linoleic Acid Metabolic Process (GO:0043651),1/19,0.6178794360557093,0.9999960484735656,0,0,1.0702614379084967,0.5152901351935255,ELOVL3
GO_Biological_Process_2023,Leukotriene Biosynthetic Process (GO:0019370),1/19,0.6178794360557093,0.9999960484735656,0,0,1.0702614379084967,0.5152901351935255,PRG3
GO_Biological_Process_2023,Positive Regulation Of Calcineurin-Mediated Signaling (GO:0106058),1/19,0.6178794360557093,0.9999960484735656,0,0,1.0702614379084967,0.5152901351935255,C10ORF71
GO_Biological_Process_2023,Fatty Acid Biosynthetic Process (GO:0006633),3/65,0.6284774503137406,0.9999960484735656,0,0,0.931894177812746,0.4328230316639129,PLA2G2C;ELOVL3;ABHD1
GO_Biological_Process_2023,Cell-Matrix Adhesion (GO:0007160),5/109,0.6295694068444213,0.9999960484735656,0,0,0.925750039166536,0.4283622938939385,ADAMTS13;DEFB118;MSLNL;MADCAM1;MSLN
GO_Biological_Process_2023,Extracellular Structure Organization (GO:0043062),5/109,0.6295694068444213,0.9999960484735656,0,0,0.925750039166536,0.4283622938939385,C6ORF15;ADAMTS13;MANSC4;DMP1;MARCOL
GO_Biological_Process_2023,Phosphatidylglycerol Metabolic Process (GO:0046471),1/20,0.636754955124724,0.9999960484735656,0,0,1.013878509661578,0.4576347314779351,PLA2G3
GO_Biological_Process_2023,Negative Regulation Of Protein Localization To Plasma Membrane (GO:1903077),1/20,0.636754955124724,0.9999960484735656,0,0,1.013878509661578,0.4576347314779351,RSC1A1
GO_Biological_Process_2023,Negative Regulation Of Protein Localization To Cell Periphery (GO:1904376),1/20,0.636754955124724,0.9999960484735656,0,0,1.013878509661578,0.4576347314779351,RSC1A1
GO_Biological_Process_2023,Negative Regulation Of Cyclin-Dependent Protein Kinase Activity (GO:1904030),1/20,0.636754955124724,0.9999960484735656,0,0,1.013878509661578,0.4576347314779351,INCA1
GO_Biological_Process_2023,Microglial Cell Activation (GO:0001774),1/20,0.636754955124724,0.9999960484735656,0,0,1.013878509661578,0.4576347314779351,IL4
GO_Biological_Process_2023,Long-Term Memory (GO:0007616),1/20,0.636754955124724,0.9999960484735656,0,0,1.013878509661578,0.4576347314779351,LRRC66
GO_Biological_Process_2023,Leukotriene Metabolic Process (GO:0006691),1/20,0.636754955124724,0.9999960484735656,0,0,1.013878509661578,0.4576347314779351,PRG3
GO_Biological_Process_2023,Late Endosome To Vacuole Transport (GO:0045324),1/20,0.636754955124724,0.9999960484735656,0,0,1.013878509661578,0.4576347314779351,BECN2
GO_Biological_Process_2023,Striated Muscle Cell Differentiation (GO:0051146),1/20,0.636754955124724,0.9999960484735656,0,0,1.013878509661578,0.4576347314779351,MESP1
GO_Biological_Process_2023,Response To Ketone (GO:1901654),1/20,0.636754955124724,0.9999960484735656,0,0,1.013878509661578,0.4576347314779351,CSN1S1
GO_Biological_Process_2023,Cilium-Dependent Cell Motility (GO:0060285),1/20,0.636754955124724,0.9999960484735656,0,0,1.013878509661578,0.4576347314779351,CRNN
GO_Biological_Process_2023,Cellular Response To pH (GO:0071467),1/20,0.636754955124724,0.9999960484735656,0,0,1.013878509661578,0.4576347314779351,KCNK18
GO_Biological_Process_2023,Regulation Of Spindle Organization (GO:0090224),1/20,0.636754955124724,0.9999960484735656,0,0,1.013878509661578,0.4576347314779351,BORA
GO_Biological_Process_2023,Cell Projection Organization (GO:0030030),1/20,0.636754955124724,0.9999960484735656,0,0,1.013878509661578,0.4576347314779351,QRICH2
GO_Biological_Process_2023,Ameboidal-Type Cell Migration (GO:0001667),1/20,0.636754955124724,0.9999960484735656,0,0,1.013878509661578,0.4576347314779351,CER1
GO_Biological_Process_2023,T Cell Mediated Immunity (GO:0002456),1/20,0.636754955124724,0.9999960484735656,0,0,1.013878509661578,0.4576347314779351,SCART1
GO_Biological_Process_2023,DNA Unwinding Involved In DNA Replication (GO:0006268),1/20,0.636754955124724,0.9999960484735656,0,0,1.013878509661578,0.4576347314779351,RECQL4
GO_Biological_Process_2023,DNA Methylation (GO:0006306),1/20,0.636754955124724,0.9999960484735656,0,0,1.013878509661578,0.4576347314779351,ZFP57
GO_Biological_Process_2023,Positive Regulation Of Cell Division (GO:0051781),2/43,0.633534567053892,0.9999960484735656,0,0,0.9395567661260368,0.4288519625928824,MAP10;TAS1R2
GO_Biological_Process_2023,Intracellular Steroid Hormone Receptor Signaling Pathway (GO:0030518),2/43,0.633534567053892,0.9999960484735656,0,0,0.9395567661260368,0.4288519625928824,RHOXF1;CST11
GO_Biological_Process_2023,Regulation Of Endothelial Cell Apoptotic Process (GO:2000351),2/43,0.633534567053892,0.9999960484735656,0,0,0.9395567661260368,0.4288519625928824,IL4;IL13
GO_Biological_Process_2023,Positive Regulation Of Leukocyte Activation (GO:0002696),1/20,0.636754955124724,0.9999960484735656,0,0,1.013878509661578,0.4576347314779351,SPACA3
GO_Biological_Process_2023,Mesonephric Tubule Development (GO:0072164),1/16,0.5551682305508616,0.9999960484735656,0,0,1.2845165652467885,0.7559175659160194,CER1
GO_Biological_Process_2023,Lymphocyte Mediated Immunity (GO:0002449),1/16,0.5551682305508616,0.9999960484735656,0,0,1.2845165652467885,0.7559175659160194,SCART1
GO_Biological_Process_2023,Heart Process (GO:0003015),1/16,0.5551682305508616,0.9999960484735656,0,0,1.2845165652467885,0.7559175659160194,TRDN
GO_Biological_Process_2023,Fatty Acid Elongation (GO:0030497),1/12,0.45527928101408,0.9999960484735656,0,0,1.751982297621243,1.3785371863076512,ELOVL3
GO_Biological_Process_2023,Epithelial Cell Morphogenesis (GO:0003382),1/12,0.45527928101408,0.9999960484735656,0,0,1.751982297621243,1.3785371863076512,DACT2
GO_Biological_Process_2023,Endothelium Development (GO:0003158),1/12,0.45527928101408,0.9999960484735656,0,0,1.751982297621243,1.3785371863076512,MESP1
GO_Biological_Process_2023,snRNA Transcription (GO:0009301),1/12,0.45527928101408,0.9999960484735656,0,0,1.751982297621243,1.3785371863076512,SNAPC4
GO_Biological_Process_2023,Secretion (GO:0046903),1/12,0.45527928101408,0.9999960484735656,0,0,1.751982297621243,1.3785371863076512,NPPB
GO_Biological_Process_2023,Detection Of Calcium Ion (GO:0005513),1/12,0.45527928101408,0.9999960484735656,0,0,1.751982297621243,1.3785371863076512,KCNMB3
GO_Biological_Process_2023,Defense Response To Tumor Cell (GO:0002357),1/12,0.45527928101408,0.9999960484735656,0,0,1.751982297621243,1.3785371863076512,PLK5
GO_Biological_Process_2023,Relaxation Of Cardiac Muscle (GO:0055119),1/12,0.45527928101408,0.9999960484735656,0,0,1.751982297621243,1.3785371863076512,CHGA
GO_Biological_Process_2023,Regulation Of Tube Diameter (GO:0035296),1/12,0.45527928101408,0.9999960484735656,0,0,1.751982297621243,1.3785371863076512,NPPB
GO_Biological_Process_2023,Fibrinolysis (GO:0042730),1/12,0.45527928101408,0.9999960484735656,0,0,1.751982297621243,1.3785371863076512,GP1BA
GO_Biological_Process_2023,Regulation Of Transcription From RNA Polymerase II Promoter In Response To Stress (GO:0043618),1/12,0.45527928101408,0.9999960484735656,0,0,1.751982297621243,1.3785371863076512,STOX1
GO_Biological_Process_2023,cAMP Metabolic Process (GO:0046058),1/12,0.45527928101408,0.9999960484735656,0,0,1.751982297621243,1.3785371863076512,PTH
GO_Biological_Process_2023,Biogenic Amine Metabolic Process (GO:0006576),1/12,0.45527928101408,0.9999960484735656,0,0,1.751982297621243,1.3785371863076512,TRH
GO_Biological_Process_2023,Axonal Transport Of Mitochondrion (GO:0019896),1/12,0.45527928101408,0.9999960484735656,0,0,1.751982297621243,1.3785371863076512,MGARP
GO_Biological_Process_2023,Regulation Of Interleukin-5 Production (GO:0032674),1/12,0.45527928101408,0.9999960484735656,0,0,1.751982297621243,1.3785371863076512,IL9
GO_Biological_Process_2023,DNA Strand Elongation (GO:0022616),1/12,0.45527928101408,0.9999960484735656,0,0,1.751982297621243,1.3785371863076512,TERT
GO_Biological_Process_2023,Regulation Of Interleukin-12 Production (GO:0032655),3/50,0.4510036655124337,0.9999960484735656,0,0,1.2302802283341985,0.9796473089135364,IL23R;IL12B;IL17A
GO_Biological_Process_2023,Regulation Of Endopeptidase Activity (GO:0052548),4/69,0.4451302890042052,0.9999960484735656,0,0,1.1861961029814538,0.9600931943422634,SERPINA2;SERPINA12;SERPINE3;SERPINA9
GO_Biological_Process_2023,"Phagocytosis, Engulfment (GO:0006911)",2/30,0.4398242355738621,0.9999960484735656,0,0,1.3767222625090645,1.1308122648085142,XKR8;XKR5
GO_Biological_Process_2023,Regulation Of Macrophage Derived Foam Cell Differentiation (GO:0010743),2/30,0.4398242355738621,0.9999960484735656,0,0,1.3767222625090645,1.1308122648085142,CSF2;PLA2G3
GO_Biological_Process_2023,Cell Projection Assembly (GO:0030031),1/12,0.45527928101408,0.9999960484735656,0,0,1.751982297621243,1.3785371863076512,QRICH2
GO_Biological_Process_2023,Vascular Process In Circulatory System (GO:0003018),1/12,0.45527928101408,0.9999960484735656,0,0,1.751982297621243,1.3785371863076512,NPPB
GO_Biological_Process_2023,Very Long-Chain Fatty Acid Biosynthetic Process (GO:0042761),1/12,0.45527928101408,0.9999960484735656,0,0,1.751982297621243,1.3785371863076512,ELOVL3
GO_Biological_Process_2023,Low-Density Lipoprotein Particle Remodeling (GO:0034374),1/12,0.45527928101408,0.9999960484735656,0,0,1.751982297621243,1.3785371863076512,PLA2G3
GO_Biological_Process_2023,Lymphocyte Differentiation (GO:0030098),5/91,0.4687051685992431,0.9999960484735656,0,0,1.1205773693932648,0.8491526279404231,IL4;IFNB1;IFNE;IFNK;IL2
GO_Biological_Process_2023,Negative Regulation Of Cellular Response To Growth Factor Stimulus (GO:0090288),4/71,0.4671169619414563,0.9999960484735656,0,0,1.1506657961464295,0.8758587264412525,IL4;GDF3;CER1;DAND5
GO_Biological_Process_2023,Positive Regulation Of DNA Recombination (GO:0045911),3/51,0.4639930764646687,0.9999960484735656,0,0,1.2045858739837398,0.9249842047524032,PRDM7;INSL6;KHDC3L
GO_Biological_Process_2023,Amide Biosynthetic Process (GO:0043604),3/51,0.4639930764646687,0.9999960484735656,0,0,1.2045858739837398,0.9249842047524032,ASMT;GDF1;PNPLA1
GO_Biological_Process_2023,SMAD Protein Signal Transduction (GO:0060395),3/51,0.4639930764646687,0.9999960484735656,0,0,1.2045858739837398,0.9249842047524032,GDF1;GDF3;BMP15
GO_Biological_Process_2023,External Encapsulating Structure Organization (GO:0045229),6/110,0.4608300119966169,0.9999960484735656,0,0,1.112032462949894,0.8615205080632895,C6ORF15;ADAMTS13;MANSC4;DMP1;MARCOL;HRNR
GO_Biological_Process_2023,Protein Localization To Chromatin (GO:0071168),2/31,0.4566772551565917,0.9999960484735656,0,0,1.3291790652896902,1.0417817914249778,FAM47E;CTCFL
GO_Biological_Process_2023,Positive Regulation Of Glucose Transmembrane Transport (GO:0010828),2/31,0.4566772551565917,0.9999960484735656,0,0,1.3291790652896902,1.0417817914249778,PTH;FGF19
GO_Biological_Process_2023,Organic Cation Transport (GO:0015695),2/31,0.4566772551565917,0.9999960484735656,0,0,1.3291790652896902,1.0417817914249778,SLC44A5;SLC19A3
GO_Biological_Process_2023,Non-Motile Cilium Assembly (GO:1905515),2/31,0.4566772551565917,0.9999960484735656,0,0,1.3291790652896902,1.0417817914249778,RPGRIP1;BBS10
GO_Biological_Process_2023,Regulation Of Centrosome Duplication (GO:0010824),2/31,0.4566772551565917,0.9999960484735656,0,0,1.3291790652896902,1.0417817914249778,C10ORF90;CEP295NL
GO_Biological_Process_2023,Regulation Of Cell Communication By Electrical Coupling (GO:0010649),1/12,0.45527928101408,0.9999960484735656,0,0,1.751982297621243,1.3785371863076512,TRDN
GO_Biological_Process_2023,Regulation Of DNA-templated DNA Replication Initiation (GO:0030174),1/12,0.45527928101408,0.9999960484735656,0,0,1.751982297621243,1.3785371863076512,TICRR
GO_Biological_Process_2023,Quaternary Ammonium Group Transport (GO:0015697),1/12,0.45527928101408,0.9999960484735656,0,0,1.751982297621243,1.3785371863076512,SLC44A5
GO_Biological_Process_2023,Positive Regulation Of Vasoconstriction (GO:0045907),1/12,0.45527928101408,0.9999960484735656,0,0,1.751982297621243,1.3785371863076512,SMTNL1
GO_Biological_Process_2023,Positive Regulation Of Purine Nucleotide Biosynthetic Process (GO:1900373),1/12,0.45527928101408,0.9999960484735656,0,0,1.751982297621243,1.3785371863076512,IL4
GO_Biological_Process_2023,Positive Regulation Of Alcohol Biosynthetic Process (GO:1902932),1/12,0.45527928101408,0.9999960484735656,0,0,1.751982297621243,1.3785371863076512,PTH
GO_Biological_Process_2023,Phosphatidylcholine Acyl-Chain Remodeling (GO:0036151),1/12,0.45527928101408,0.9999960484735656,0,0,1.751982297621243,1.3785371863076512,TMEM86B
GO_Biological_Process_2023,Phosphate Ion Homeostasis (GO:0055062),1/12,0.45527928101408,0.9999960484735656,0,0,1.751982297621243,1.3785371863076512,GCM2
GO_Biological_Process_2023,Mitochondrial Transcription (GO:0006390),1/12,0.45527928101408,0.9999960484735656,0,0,1.751982297621243,1.3785371863076512,POLRMT
GO_Biological_Process_2023,mRNA Cleavage Involved In mRNA Processing (GO:0098787),1/12,0.45527928101408,0.9999960484735656,0,0,1.751982297621243,1.3785371863076512,CPSF4L
GO_Biological_Process_2023,Positive Regulation Of Pathway-Restricted SMAD Protein Phosphorylation (GO:0010862),3/49,0.4378868669661631,0.9999960484735656,0,0,1.2570917285259808,1.0380996825153586,GDF1;GDF3;BMP15
GO_Biological_Process_2023,Amide Transport (GO:0042886),2/32,0.4732330320691182,0.9999960484735656,0,0,1.2848054145516077,0.9612494540339812,GLTPD2;SLC14A2
GO_Biological_Process_2023,Interferon-Mediated Signaling Pathway (GO:0140888),3/49,0.4378868669661631,0.9999960484735656,0,0,1.2570917285259808,1.0380996825153586,IFNB1;IFNE;IFNK
GO_Biological_Process_2023,B Cell Differentiation (GO:0030183),4/68,0.4340319140982591,0.9999960484735656,0,0,1.204793997965412,1.0055659044560046,IL4;IFNB1;IFNE;IFNK
GO_Biological_Process_2023,Response To Steroid Hormone (GO:0048545),2/29,0.4226877429555925,0.9999960484735656,0,0,1.4277871780409852,1.2294983347519948,CSN1S1;MGARP
GO_Biological_Process_2023,Regulation Of T Cell Differentiation (GO:0045580),3/47,0.4113120743433506,0.9999960484735656,0,0,1.3143708425720622,1.1676910622707335,IL4;IL36B;IFNB1
GO_Biological_Process_2023,Epidermis Development (GO:0008544),5/85,0.4101433131196458,0.9999960484735656,0,0,1.2050025458248472,1.0739568755427906,FLG2;SCEL;CDSN;MANSC4;KRT9
GO_Biological_Process_2023,Negative Regulation Of Cation Channel Activity (GO:2001258),2/28,0.4052837735722043,0.9999960484735656,0,0,1.482780163998438,1.3391992715371273,GRP;TRDN
GO_Biological_Process_2023,Hematopoietic Progenitor Cell Differentiation (GO:0002244),2/28,0.4052837735722043,0.9999960484735656,0,0,1.482780163998438,1.3391992715371273,TMEM190;MIXL1
GO_Biological_Process_2023,Determination Of Bilateral Symmetry (GO:0009855),2/28,0.4052837735722043,0.9999960484735656,0,0,1.482780163998438,1.3391992715371273,PIERCE2;PIERCE1
GO_Biological_Process_2023,Apoptotic Cell Clearance (GO:0043277),2/28,0.4052837735722043,0.9999960484735656,0,0,1.482780163998438,1.3391992715371273,XKR8;XKR5
GO_Biological_Process_2023,Positive Regulation Of Peptide Hormone Secretion (GO:0090277),3/46,0.3978765206290723,0.9999960484735656,0,0,1.345008508224617,1.2395780949772814,GRP;GHRH;TRH
GO_Biological_Process_2023,Regulation Of B Cell Apoptotic Process (GO:0002902),1/10,0.3972236697716603,0.9999960484735656,0,0,2.141537074599955,1.9771864329886495,IL2
GO_Biological_Process_2023,Regulation Of Cilium Movement (GO:0003352),1/11,0.4269855088346993,0.9999960484735656,0,0,1.9272819472616631,1.6401269657017268,CRNN
GO_Biological_Process_2023,Positive Regulation Of Macrophage Differentiation (GO:0045651),1/10,0.3972236697716603,0.9999960484735656,0,0,2.141537074599955,1.9771864329886495,FADD
GO_Biological_Process_2023,Positive Regulation Of Dendrite Development (GO:1900006),1/10,0.3972236697716603,0.9999960484735656,0,0,2.141537074599955,1.9771864329886495,KHDC3L
GO_Biological_Process_2023,Positive Regulation Of Defense Response To Bacterium (GO:1900426),1/10,0.3972236697716603,0.9999960484735656,0,0,2.141537074599955,1.9771864329886495,NLRP10
GO_Biological_Process_2023,Positive Regulation Of Cellular Respiration (GO:1901857),1/10,0.3972236697716603,0.9999960484735656,0,0,2.141537074599955,1.9771864329886495,IL4
GO_Biological_Process_2023,Positive Regulation Of Autophagy Of Mitochondrion (GO:1903599),1/10,0.3972236697716603,0.9999960484735656,0,0,2.141537074599955,1.9771864329886495,GDF1
GO_Biological_Process_2023,Positive Regulation Of MHC Class II Biosynthetic Process (GO:0045348),1/10,0.3972236697716603,0.9999960484735656,0,0,2.141537074599955,1.9771864329886495,IL4
GO_Biological_Process_2023,Positive Regulation Of B Cell Differentiation (GO:0045579),1/10,0.3972236697716603,0.9999960484735656,0,0,2.141537074599955,1.9771864329886495,IL2
GO_Biological_Process_2023,Negative Regulation Of Transmembrane Transport (GO:0034763),1/10,0.3972236697716603,0.9999960484735656,0,0,2.141537074599955,1.9771864329886495,RSC1A1
GO_Biological_Process_2023,Negative Regulation Of Sodium Ion Transmembrane Transporter Activity (GO:2000650),1/10,0.3972236697716603,0.9999960484735656,0,0,2.141537074599955,1.9771864329886495,GRP
GO_Biological_Process_2023,Negative Regulation Of Nuclear Division (GO:0051784),1/10,0.3972236697716603,0.9999960484735656,0,0,2.141537074599955,1.9771864329886495,FBXO43
GO_Biological_Process_2023,Positive Regulation Of Interleukin-13 Production (GO:0032736),1/10,0.3972236697716603,0.9999960484735656,0,0,2.141537074599955,1.9771864329886495,IL4
GO_Biological_Process_2023,Regulation Of Endocytic Recycling (GO:2001135),1/11,0.4269855088346993,0.9999960484735656,0,0,1.9272819472616631,1.6401269657017268,PLA2G3
GO_Biological_Process_2023,Actin Crosslink Formation (GO:0051764),1/11,0.4269855088346993,0.9999960484735656,0,0,1.9272819472616631,1.6401269657017268,GAS2L2
GO_Biological_Process_2023,Regulation Of Microtubule-Based Movement (GO:0060632),1/11,0.4269855088346993,0.9999960484735656,0,0,1.9272819472616631,1.6401269657017268,CRNN
GO_Biological_Process_2023,Regulation Of Type II Interferon Production (GO:0032649),5/87,0.4298149126449196,0.9999960484735656,0,0,1.1754880532512046,0.9925828158924694,IL21;IL23R;IL12B;IL12A;FADD
GO_Biological_Process_2023,Regulation Of Cell Communication By Electrical Coupling Involved In Cardiac Conduction (GO:1901844),1/11,0.4269855088346993,0.9999960484735656,0,0,1.9272819472616631,1.6401269657017268,TRDN
GO_Biological_Process_2023,Regulation Of T-helper 17 Cell Differentiation (GO:2000319),1/11,0.4269855088346993,0.9999960484735656,0,0,1.9272819472616631,1.6401269657017268,IL4
GO_Biological_Process_2023,pre-mRNA Cleavage Required For Polyadenylation (GO:0098789),1/11,0.4269855088346993,0.9999960484735656,0,0,1.9272819472616631,1.6401269657017268,CPSF4L
GO_Biological_Process_2023,Positive Regulation Of Vascular Permeability (GO:0043117),1/11,0.4269855088346993,0.9999960484735656,0,0,1.9272819472616631,1.6401269657017268,FGFBP3
GO_Biological_Process_2023,Positive Regulation Of Protein Maturation (GO:1903319),1/11,0.4269855088346993,0.9999960484735656,0,0,1.9272819472616631,1.6401269657017268,TNP2
GO_Biological_Process_2023,Positive Regulation Of Keratinocyte Proliferation (GO:0010838),1/11,0.4269855088346993,0.9999960484735656,0,0,1.9272819472616631,1.6401269657017268,CRNN
GO_Biological_Process_2023,Negative Regulation Of Voltage-Gated Potassium Channel Activity (GO:1903817),1/11,0.4269855088346993,0.9999960484735656,0,0,1.9272819472616631,1.6401269657017268,GRP
GO_Biological_Process_2023,Negative Regulation Of Ryanodine-Sensitive Calcium-Release Channel Activity (GO:0060315),1/11,0.4269855088346993,0.9999960484735656,0,0,1.9272819472616631,1.6401269657017268,TRDN
GO_Biological_Process_2023,Negative Regulation Of Release Of Sequestered Calcium Ion Into Cytosol (GO:0051280),1/11,0.4269855088346993,0.9999960484735656,0,0,1.9272819472616631,1.6401269657017268,TRDN
GO_Biological_Process_2023,Negative Regulation Of Glucose Transmembrane Transport (GO:0010829),1/11,0.4269855088346993,0.9999960484735656,0,0,1.9272819472616631,1.6401269657017268,RSC1A1
GO_Biological_Process_2023,Negative Regulation Of Cyclase Activity (GO:0031280),1/11,0.4269855088346993,0.9999960484735656,0,0,1.9272819472616631,1.6401269657017268,AKAP5
GO_Biological_Process_2023,"Negative Regulation Of CD4-positive, Alpha-Beta T Cell Activation (GO:2000515)",1/11,0.4269855088346993,0.9999960484735656,0,0,1.9272819472616631,1.6401269657017268,TARM1
GO_Biological_Process_2023,Mast Cell Mediated Immunity (GO:0002448),1/11,0.4269855088346993,0.9999960484735656,0,0,1.9272819472616631,1.6401269657017268,GRP
GO_Biological_Process_2023,Telomere Maintenance In Response To DNA Damage (GO:0043247),1/11,0.4269855088346993,0.9999960484735656,0,0,1.9272819472616631,1.6401269657017268,INSL6
GO_Biological_Process_2023,Endoplasmic Reticulum Membrane Organization (GO:0090158),1/11,0.4269855088346993,0.9999960484735656,0,0,1.9272819472616631,1.6401269657017268,TRDN
GO_Biological_Process_2023,Cellular Response To Nitrogen Starvation (GO:0006995),1/11,0.4269855088346993,0.9999960484735656,0,0,1.9272819472616631,1.6401269657017268,BECN2
GO_Biological_Process_2023,Cellular Response To Nitrogen Levels (GO:0043562),1/11,0.4269855088346993,0.9999960484735656,0,0,1.9272819472616631,1.6401269657017268,BECN2
GO_Biological_Process_2023,Cellular Response To Acetylcholine (GO:1905145),1/11,0.4269855088346993,0.9999960484735656,0,0,1.9272819472616631,1.6401269657017268,LY6G6D
GO_Biological_Process_2023,Regulation Of Response To Oxidative Stress (GO:1902882),1/11,0.4269855088346993,0.9999960484735656,0,0,1.9272819472616631,1.6401269657017268,STOX1
GO_Biological_Process_2023,cGMP Metabolic Process (GO:0046068),1/11,0.4269855088346993,0.9999960484735656,0,0,1.9272819472616631,1.6401269657017268,NPPB
GO_Biological_Process_2023,Telomere Maintenance (GO:0000723),4/68,0.4340319140982591,0.9999960484735656,0,0,1.204793997965412,1.0055659044560046,RECQL4;INSL6;TERT;HUS1B
GO_Biological_Process_2023,Negative Regulation Of G Protein-Coupled Receptor Signaling Pathway (GO:0045744),1/22,0.6717574306416769,0.9999960484735656,0,0,0.9172220612382884,0.3649241072593078,BECN2
GO_Biological_Process_2023,Regulation Of Natural Killer Cell Mediated Cytotoxicity (GO:0042269),2/32,0.4732330320691182,0.9999960484735656,0,0,1.2848054145516077,0.9612494540339812,IL21;IL12A
GO_Biological_Process_2023,Cellular Response To Hypoxia (GO:0071456),4/72,0.4779921475942669,0.9999960484735656,0,0,1.1336843994973371,0.8368415808280104,ANGPT4;TERT;MGARP;STOX1
GO_Biological_Process_2023,Retrograde Axonal Transport (GO:0008090),1/15,0.5320580192669249,0.9999960484735656,0,0,1.3763401912489133,0.8684744274659297,MGARP
GO_Biological_Process_2023,Ceramide Catabolic Process (GO:0046514),1/15,0.5320580192669249,0.9999960484735656,0,0,1.3763401912489133,0.8684744274659297,NEU2
GO_Biological_Process_2023,Cellular Response To Estrogen Stimulus (GO:0071391),1/15,0.5320580192669249,0.9999960484735656,0,0,1.3763401912489133,0.8684744274659297,OCSTAMP
GO_Biological_Process_2023,Regulation Of Multicellular Organism Growth (GO:0040014),1/15,0.5320580192669249,0.9999960484735656,0,0,1.3763401912489133,0.8684744274659297,GHRH
GO_Biological_Process_2023,Activation Of NF-kappaB-inducing Kinase Activity (GO:0007250),1/15,0.5320580192669249,0.9999960484735656,0,0,1.3763401912489133,0.8684744274659297,TNFSF15
GO_Biological_Process_2023,Regulation Of Interleukin-13 Production (GO:0032656),1/15,0.5320580192669249,0.9999960484735656,0,0,1.3763401912489133,0.8684744274659297,IL4
GO_Biological_Process_2023,T Cell Homeostasis (GO:0043029),1/15,0.5320580192669249,0.9999960484735656,0,0,1.3763401912489133,0.8684744274659297,FADD
GO_Biological_Process_2023,DNA Double-Strand Break Processing (GO:0000729),1/15,0.5320580192669249,0.9999960484735656,0,0,1.3763401912489133,0.8684744274659297,SLX4
GO_Biological_Process_2023,B Cell Mediated Immunity (GO:0019724),1/15,0.5320580192669249,0.9999960484735656,0,0,1.3763401912489133,0.8684744274659297,IL9R
GO_Biological_Process_2023,Digestive Tract Morphogenesis (GO:0048546),1/15,0.5320580192669249,0.9999960484735656,0,0,1.3763401912489133,0.8684744274659297,PERCC1
GO_Biological_Process_2023,3'-Phosphoadenosine 5'-Phosphosulfate Metabolic Process (GO:0050427),1/15,0.5320580192669249,0.9999960484735656,0,0,1.3763401912489133,0.8684744274659297,SULT1C3
GO_Biological_Process_2023,Response To Nutrient Levels (GO:0031667),2/35,0.5210089060508649,0.9999960484735656,0,0,1.1678203353330256,0.7614050120569089,UCN3;UTS2
GO_Biological_Process_2023,Regulatory ncRNA Processing (GO:0070918),2/35,0.5210089060508649,0.9999960484735656,0,0,1.1678203353330256,0.7614050120569089,TERT;TEX15
GO_Biological_Process_2023,Positive Regulation Of Cytokine Production (GO:0001819),16/320,0.5151229455407901,0.9999960484735656,0,0,1.0140929047644858,0.6726982014362949,IL21;GARIN5A;CSF2;IL23R;IL13;PRG3;IL2;IL4;NLRP10;CLEC6A;IL9;IL12B;IL12A;IL17F;FADD;IL17A
GO_Biological_Process_2023,Phosphatidylcholine Metabolic Process (GO:0046470),3/55,0.514501673434326,0.9999960484735656,0,0,1.1116909005628517,0.7387813819081483,SLC44A5;TMEM86B;PLA2G3
GO_Biological_Process_2023,Regulation Of MHC Class II Biosynthetic Process (GO:0045346),1/14,0.5077484456079184,0.9999960484735656,0,0,1.482290528943673,1.0046507768245152,IL4
GO_Biological_Process_2023,Regulation Of ATP Biosynthetic Process (GO:2001169),1/14,0.5077484456079184,0.9999960484735656,0,0,1.482290528943673,1.0046507768245152,IL4
GO_Biological_Process_2023,Protein Activation Cascade (GO:0072376),1/14,0.5077484456079184,0.9999960484735656,0,0,1.482290528943673,1.0046507768245152,GP1BA
GO_Biological_Process_2023,Positive Regulation Of Type I Interferon-Mediated Signaling Pathway (GO:0060340),1/14,0.5077484456079184,0.9999960484735656,0,0,1.482290528943673,1.0046507768245152,USP29
GO_Biological_Process_2023,"Positive Regulation Of Nuclear-Transcribed mRNA Catabolic Process, Deadenylation-Dependent Decay (GO:1900153)",1/14,0.5077484456079184,0.9999960484735656,0,0,1.482290528943673,1.0046507768245152,NANOS3
GO_Biological_Process_2023,Macrophage Activation (GO:0042116),2/35,0.5210089060508649,0.9999960484735656,0,0,1.1678203353330256,0.7614050120569089,IL4;IL13
GO_Biological_Process_2023,Ganglioside Biosynthetic Process (GO:0001574),1/15,0.5320580192669249,0.9999960484735656,0,0,1.3763401912489133,0.8684744274659297,C20ORF173
GO_Biological_Process_2023,High-Density Lipoprotein Particle Remodeling (GO:0034375),1/15,0.5320580192669249,0.9999960484735656,0,0,1.3763401912489133,0.8684744274659297,PLA2G3
GO_Biological_Process_2023,Negative Regulation Of Telomere Maintenance (GO:0032205),1/15,0.5320580192669249,0.9999960484735656,0,0,1.3763401912489133,0.8684744274659297,SLX4
GO_Biological_Process_2023,Glycoprotein Catabolic Process (GO:0006516),1/16,0.5551682305508616,0.9999960484735656,0,0,1.2845165652467885,0.7559175659160194,NEU2
GO_Biological_Process_2023,Extrinsic Apoptotic Signaling Pathway In Absence Of Ligand (GO:0097192),1/16,0.5551682305508616,0.9999960484735656,0,0,1.2845165652467885,0.7559175659160194,IL4
GO_Biological_Process_2023,Sulfation (GO:0051923),1/16,0.5551682305508616,0.9999960484735656,0,0,1.2845165652467885,0.7559175659160194,SULT1C3
GO_Biological_Process_2023,Regulation Of Steroid Biosynthetic Process (GO:0050810),1/16,0.5551682305508616,0.9999960484735656,0,0,1.2845165652467885,0.7559175659160194,NR0B1
GO_Biological_Process_2023,Regulation Of Stem Cell Proliferation (GO:0072091),1/16,0.5551682305508616,0.9999960484735656,0,0,1.2845165652467885,0.7559175659160194,TERT
GO_Biological_Process_2023,Regulation Of Protein Kinase A Signaling (GO:0010738),1/16,0.5551682305508616,0.9999960484735656,0,0,1.2845165652467885,0.7559175659160194,AKAP5
GO_Biological_Process_2023,Apoptotic Nuclear Changes (GO:0030262),1/16,0.5551682305508616,0.9999960484735656,0,0,1.2845165652467885,0.7559175659160194,DNASE2B
GO_Biological_Process_2023,Activation Of Cysteine-Type Endopeptidase Activity (GO:0097202),1/16,0.5551682305508616,0.9999960484735656,0,0,1.2845165652467885,0.7559175659160194,FADD
GO_Biological_Process_2023,Negative Regulation Of Smooth Muscle Cell Proliferation (GO:0048662),2/37,0.5512054770397219,0.9999960484735656,0,0,1.1009717186366932,0.6557911869295314,IL12B;IL12A
GO_Biological_Process_2023,Negative Regulation Of Endothelial Cell Proliferation (GO:0001937),2/37,0.5512054770397219,0.9999960484735656,0,0,1.1009717186366932,0.6557911869295314,IL12B;IL12A
GO_Biological_Process_2023,Regulation Of Macromolecule Metabolic Process (GO:0060255),8/162,0.5503755453075628,0.9999960484735656,0,0,1.0007030762904103,0.5975742692312627,CRNN;RFPL4B;TRIML2;PTH;ALPK2;DPPA5;NKAPL;STOX1
GO_Biological_Process_2023,Regulation Of Glucose Import (GO:0046324),2/36,0.5362764868037339,0.9999960484735656,0,0,1.1334129590922664,0.7062357548695991,PTH;FGF19
GO_Biological_Process_2023,Regulation Of Amyloid-Beta Clearance (GO:1900221),1/15,0.5320580192669249,0.9999960484735656,0,0,1.3763401912489133,0.8684744274659297,IL4
GO_Biological_Process_2023,Regulation Of Activin Receptor Signaling Pathway (GO:0032925),1/15,0.5320580192669249,0.9999960484735656,0,0,1.3763401912489133,0.8684744274659297,CER1
GO_Biological_Process_2023,Receptor Catabolic Process (GO:0032801),1/15,0.5320580192669249,0.9999960484735656,0,0,1.3763401912489133,0.8684744274659297,BECN2
GO_Biological_Process_2023,"Protein Localization To Chromosome, Telomeric Region (GO:0070198)",1/15,0.5320580192669249,0.9999960484735656,0,0,1.3763401912489133,0.8684744274659297,TERT
GO_Biological_Process_2023,Positive Regulation Of Syncytium Formation By Plasma Membrane Fusion (GO:0060143),1/15,0.5320580192669249,0.9999960484735656,0,0,1.3763401912489133,0.8684744274659297,IL4
GO_Biological_Process_2023,Positive Regulation Of Muscle Cell Differentiation (GO:0051149),1/15,0.5320580192669249,0.9999960484735656,0,0,1.3763401912489133,0.8684744274659297,MESP1
GO_Biological_Process_2023,Positive Regulation Of Immunoglobulin Mediated Immune Response (GO:0002891),1/15,0.5320580192669249,0.9999960484735656,0,0,1.3763401912489133,0.8684744274659297,INSL6
GO_Biological_Process_2023,Positive Regulation Of Cell Activation (GO:0050867),1/15,0.5320580192669249,0.9999960484735656,0,0,1.3763401912489133,0.8684744274659297,GP1BA
GO_Biological_Process_2023,Peptidyl-Lysine Trimethylation (GO:0018023),1/15,0.5320580192669249,0.9999960484735656,0,0,1.3763401912489133,0.8684744274659297,PRDM7
GO_Biological_Process_2023,Positive Regulation Of Mitochondrial Translation (GO:0070131),1/14,0.5077484456079184,0.9999960484735656,0,0,1.482290528943673,1.0046507768245152,FASTKD3
GO_Biological_Process_2023,Left/Right Pattern Formation (GO:0060972),2/32,0.4732330320691182,0.9999960484735656,0,0,1.2848054145516077,0.9612494540339812,PIERCE2;PIERCE1
GO_Biological_Process_2023,Positive Regulation Of Long-Term Synaptic Potentiation (GO:1900273),1/14,0.5077484456079184,0.9999960484735656,0,0,1.482290528943673,1.0046507768245152,AKAP5
GO_Biological_Process_2023,Positive Regulation Of Cytoplasmic Translation (GO:2000767),1/14,0.5077484456079184,0.9999960484735656,0,0,1.482290528943673,1.0046507768245152,ZCCHC13
GO_Biological_Process_2023,Positive Regulation Of Double-Strand Break Repair Via Nonhomologous End Joining (GO:2001034),1/13,0.4821773319997784,0.9999960484735656,0,0,1.6058992562542258,1.1714124912986934,KDM4D
GO_Biological_Process_2023,Outer Mitochondrial Membrane Organization (GO:0007008),1/13,0.4821773319997784,0.9999960484735656,0,0,1.6058992562542258,1.1714124912986934,PRICKLE4
GO_Biological_Process_2023,Negative Regulation Of Neuroinflammatory Response (GO:0150079),1/13,0.4821773319997784,0.9999960484735656,0,0,1.6058992562542258,1.1714124912986934,IL4
GO_Biological_Process_2023,Negative Regulation Of Myoblast Differentiation (GO:0045662),1/13,0.4821773319997784,0.9999960484735656,0,0,1.6058992562542258,1.1714124912986934,EID2B
GO_Biological_Process_2023,Negative Regulation Of Lyase Activity (GO:0051350),1/13,0.4821773319997784,0.9999960484735656,0,0,1.6058992562542258,1.1714124912986934,AKAP5
GO_Biological_Process_2023,Negative Regulation Of T Cell Differentiation (GO:0045581),1/13,0.4821773319997784,0.9999960484735656,0,0,1.6058992562542258,1.1714124912986934,IFNB1
GO_Biological_Process_2023,Mitochondrial Fission (GO:0000266),1/13,0.4821773319997784,0.9999960484735656,0,0,1.6058992562542258,1.1714124912986934,MTFR2
GO_Biological_Process_2023,Membrane Protein Intracellular Domain Proteolysis (GO:0031293),1/13,0.4821773319997784,0.9999960484735656,0,0,1.6058992562542258,1.1714124912986934,SPPL2C
GO_Biological_Process_2023,Mature B Cell Differentiation Involved In Immune Response (GO:0002313),1/13,0.4821773319997784,0.9999960484735656,0,0,1.6058992562542258,1.1714124912986934,IL21
GO_Biological_Process_2023,Positive Regulation Of Glycogen Biosynthetic Process (GO:0045725),1/13,0.4821773319997784,0.9999960484735656,0,0,1.6058992562542258,1.1714124912986934,PTH
GO_Biological_Process_2023,Thymus Development (GO:0048538),1/13,0.4821773319997784,0.9999960484735656,0,0,1.6058992562542258,1.1714124912986934,FADD
GO_Biological_Process_2023,Endothelial Cell Differentiation (GO:0045446),1/13,0.4821773319997784,0.9999960484735656,0,0,1.6058992562542258,1.1714124912986934,MESP1
GO_Biological_Process_2023,Response To Progesterone (GO:0032570),1/13,0.4821773319997784,0.9999960484735656,0,0,1.6058992562542258,1.1714124912986934,CSN1S1
GO_Biological_Process_2023,Response To UV-A (GO:0070141),1/13,0.4821773319997784,0.9999960484735656,0,0,1.6058992562542258,1.1714124912986934,GDF1
GO_Biological_Process_2023,Cellular Modified Amino Acid Catabolic Process (GO:0042219),1/13,0.4821773319997784,0.9999960484735656,0,0,1.6058992562542258,1.1714124912986934,GGACT
GO_Biological_Process_2023,Regulation Of Response To Stress (GO:0080134),1/13,0.4821773319997784,0.9999960484735656,0,0,1.6058992562542258,1.1714124912986934,STOX1
GO_Biological_Process_2023,Cardiocyte Differentiation (GO:0035051),1/13,0.4821773319997784,0.9999960484735656,0,0,1.6058992562542258,1.1714124912986934,MESP1
GO_Biological_Process_2023,Atrial Septum Development (GO:0003283),1/13,0.4821773319997784,0.9999960484735656,0,0,1.6058992562542258,1.1714124912986934,DAND5
GO_Biological_Process_2023,Regulation Of Myoblast Fusion (GO:1901739),1/13,0.4821773319997784,0.9999960484735656,0,0,1.6058992562542258,1.1714124912986934,IL4
GO_Biological_Process_2023,T Cell Differentiation In Thymus (GO:0033077),1/13,0.4821773319997784,0.9999960484735656,0,0,1.6058992562542258,1.1714124912986934,FADD
GO_Biological_Process_2023,Ether Lipid Metabolic Process (GO:0046485),1/13,0.4821773319997784,0.9999960484735656,0,0,1.6058992562542258,1.1714124912986934,TMEM86B
GO_Biological_Process_2023,Positive Regulation Of Leukocyte Degranulation (GO:0043302),1/13,0.4821773319997784,0.9999960484735656,0,0,1.6058992562542258,1.1714124912986934,IL4
GO_Biological_Process_2023,Positive Regulation Of Type 2 Immune Response (GO:0002830),1/13,0.4821773319997784,0.9999960484735656,0,0,1.6058992562542258,1.1714124912986934,IL4
GO_Biological_Process_2023,Potassium Ion Export Across Plasma Membrane (GO:0097623),1/13,0.4821773319997784,0.9999960484735656,0,0,1.6058992562542258,1.1714124912986934,KCNK18
GO_Biological_Process_2023,Negative Regulation Of Blood Pressure (GO:0045776),1/14,0.5077484456079184,0.9999960484735656,0,0,1.482290528943673,1.0046507768245152,NPPB
GO_Biological_Process_2023,Mitochondrion Transport Along Microtubule (GO:0047497),1/14,0.5077484456079184,0.9999960484735656,0,0,1.482290528943673,1.0046507768245152,MGARP
GO_Biological_Process_2023,Endoderm Development (GO:0007492),1/14,0.5077484456079184,0.9999960484735656,0,0,1.482290528943673,1.0046507768245152,MIXL1
GO_Biological_Process_2023,Ceramide Transport (GO:0035627),1/14,0.5077484456079184,0.9999960484735656,0,0,1.482290528943673,1.0046507768245152,GLTPD2
GO_Biological_Process_2023,Cellular Response To Exogenous dsRNA (GO:0071360),1/14,0.5077484456079184,0.9999960484735656,0,0,1.482290528943673,1.0046507768245152,IFNB1
GO_Biological_Process_2023,Regulation Of Phosphate Metabolic Process (GO:0019220),1/14,0.5077484456079184,0.9999960484735656,0,0,1.482290528943673,1.0046507768245152,IL4
GO_Biological_Process_2023,"Blood Coagulation, Fibrin Clot Formation (GO:0072378)",1/14,0.5077484456079184,0.9999960484735656,0,0,1.482290528943673,1.0046507768245152,GP1BA
GO_Biological_Process_2023,Aminoglycan Catabolic Process (GO:0006026),1/14,0.5077484456079184,0.9999960484735656,0,0,1.482290528943673,1.0046507768245152,OVGP1
GO_Biological_Process_2023,Regulation Of Mast Cell Degranulation (GO:0043304),1/14,0.5077484456079184,0.9999960484735656,0,0,1.482290528943673,1.0046507768245152,IL4
GO_Biological_Process_2023,Regulation Of Macrophage Differentiation (GO:0045649),1/14,0.5077484456079184,0.9999960484735656,0,0,1.482290528943673,1.0046507768245152,FADD
GO_Biological_Process_2023,T Cell Proliferation (GO:0042098),1/14,0.5077484456079184,0.9999960484735656,0,0,1.482290528943673,1.0046507768245152,TNFSF18
GO_Biological_Process_2023,Regulation Of Exit From Mitosis (GO:0007096),1/14,0.5077484456079184,0.9999960484735656,0,0,1.482290528943673,1.0046507768245152,NPM2
GO_Biological_Process_2023,Transcription Initiation-Coupled Chromatin Remodeling (GO:0045815),2/34,0.5054078421088478,0.9999960484735656,0,0,1.2043781725888325,0.8218551003118831,FAM47E;CTCFL
GO_Biological_Process_2023,Positive Regulation Of Chemokine Production (GO:0032722),3/53,0.4895532756333685,0.9999960484735656,0,0,1.156280487804878,0.825887197700657,DEFB124;IL17F;IL17A
GO_Biological_Process_2023,Phosphatidic Acid Metabolic Process (GO:0046473),2/33,0.4894798428293166,0.9999960484735656,0,0,1.2432945799901751,0.88822456370278,LIPI;PLA2G3
GO_Biological_Process_2023,Negative Regulation Of Double-Strand Break Repair (GO:2000780),2/33,0.4894798428293166,0.9999960484735656,0,0,1.2432945799901751,0.88822456370278,INSL6;AUNIP
GO_Biological_Process_2023,Regulation Of Type I Interferon-Mediated Signaling Pathway (GO:0060338),2/33,0.4894798428293166,0.9999960484735656,0,0,1.2432945799901751,0.88822456370278,FADD;USP29
GO_Biological_Process_2023,Regulation Of Cell Projection Organization (GO:0031344),1/13,0.4821773319997784,0.9999960484735656,0,0,1.6058992562542258,1.1714124912986934,ERMN
GO_Biological_Process_2023,Regulation Of Cell Fate Commitment (GO:0010453),1/13,0.4821773319997784,0.9999960484735656,0,0,1.6058992562542258,1.1714124912986934,GDF3
GO_Biological_Process_2023,Purine Ribonucleoside Bisphosphate Metabolic Process (GO:0034035),1/13,0.4821773319997784,0.9999960484735656,0,0,1.6058992562542258,1.1714124912986934,SULT1C3
GO_Biological_Process_2023,Protein Insertion Into Mitochondrial Outer Membrane (GO:0045040),1/13,0.4821773319997784,0.9999960484735656,0,0,1.6058992562542258,1.1714124912986934,PRICKLE4
GO_Biological_Process_2023,Positive Regulation Of Glycogen Metabolic Process (GO:0070875),1/14,0.5077484456079184,0.9999960484735656,0,0,1.482290528943673,1.0046507768245152,PTH
GO_Biological_Process_2023,Proteasome-Mediated Ubiquitin-Dependent Protein Catabolic Process (GO:0043161),1/319,0.9999960484735656,0.9999960484735656,0,0,0.0596240448033474,2.356064546624188e-07,UBXN10
